100
0 0 0
0 1 689
0 2 601
0 3 169
0 4 752
0 5 141
0 6 621
0 7 663
0 8 298
0 9 637
0 10 534
0 11 710
0 12 706
0 13 184
0 14 598
0 15 581
0 16 522
0 17 245
0 18 587
0 19 430
0 20 741
0 21 133
0 22 240
0 23 362
0 24 259
0 25 316
0 26 383
0 27 593
0 28 170
0 29 713
0 30 307
0 31 196
0 32 298
0 33 285
0 34 849
0 35 681
0 36 388
0 37 355
0 38 490
0 39 282
0 40 844
0 41 486
0 42 391
0 43 287
0 44 716
0 45 264
0 46 660
0 47 496
0 48 570
0 49 242
0 50 195
0 51 176
0 52 686
0 53 513
0 54 378
0 55 220
0 56 153
0 57 693
0 58 541
0 59 541
0 60 665
0 61 598
0 62 900
0 63 629
0 64 645
0 65 834
0 66 560
0 67 578
0 68 742
0 69 234
0 70 237
0 71 895
0 72 340
0 73 622
0 74 247
0 75 68
0 76 564
0 77 622
0 78 303
0 79 637
0 80 151
0 81 217
0 82 185
0 83 419
0 84 750
0 85 492
0 86 409
0 87 123
0 88 709
0 89 146
0 90 159
0 91 212
0 92 611
0 93 232
0 94 664
0 95 516
0 96 548
0 97 915
0 98 677
0 99 282
1 0 689
1 1 0
1 2 89
1 3 856
1 4 544
1 5 804
1 6 522
1 7 541
1 8 912
1 9 415
1 10 271
1 11 789
1 12 774
1 13 511
1 14 1072
1 15 766
1 16 941
1 17 796
1 18 461
1 19 272
1 20 117
1 21 786
1 22 550
1 23 728
1 24 606
1 25 375
1 26 395
1 27 852
1 28 521
1 29 1117
1 30 427
1 31 843
1 32 926
1 33 458
1 34 658
1 35 330
1 36 576
1 37 647
1 38 1063
1 39 842
1 40 747
1 41 785
1 42 484
1 43 472
1 44 1010
1 45 648
1 46 674
1 47 278
1 48 943
1 49 744
1 50 564
1 51 829
1 52 12
1 53 187
1 54 807
1 55 484
1 56 831
1 57 898
1 58 996
1 59 984
1 60 897
1 61 1023
1 62 619
1 63 390
1 64 694
1 65 811
1 66 186
1 67 434
1 68 899
1 69 562
1 70 927
1 71 706
1 72 905
1 73 775
1 74 622
1 75 755
1 76 429
1 77 739
1 78 514
1 79 1122
1 80 780
1 81 486
1 82 504
1 83 325
1 84 882
1 85 559
1 86 475
1 87 795
1 88 693
1 89 752
1 90 846
1 91 493
1 92 1135
1 93 825
1 94 77
1 95 1069
1 96 175
1 97 711
1 98 962
1 99 882
2 0 601
2 1 89
2 2 0
2 3 767
2 4 539
2 5 715
2 6 495
2 7 520
2 8 824
2 9 398
2 10 228
2 11 755
2 12 741
2 13 422
2 14 1004
2 15 718
2 16 875
2 17 708
2 18 431
2 19 184
2 20 163
2 21 700
2 22 462
2 23 659
2 24 520
2 25 289
2 26 326
2 27 799
2 28 434
2 29 1056
2 30 348
2 31 754
2 32 838
2 33 370
2 34 658
2 35 330
2 36 513
2 37 580
2 38 986
2 39 762
2 40 736
2 41 725
2 42 421
2 43 395
2 44 959
2 45 562
2 46 642
2 47 224
2 48 882
2 49 657
2 50 476
2 51 744
2 52 84
2 53 113
2 54 737
2 55 399
2 56 742
2 57 853
2 58 928
2 59 917
2 60 849
2 61 959
2 62 633
2 63 373
2 64 659
2 65 793
2 66 121
2 67 403
2 68 860
2 69 484
2 70 839
2 71 708
2 72 827
2 73 731
2 74 546
2 75 667
2 76 396
2 77 698
2 78 441
2 79 1054
2 80 696
2 81 400
2 82 416
2 83 242
2 84 846
2 85 510
2 86 415
2 87 709
2 88 667
2 89 663
2 90 757
2 91 408
2 92 1063
2 93 736
2 94 83
2 95 994
2 96 100
2 97 716
2 98 911
2 99 794
3 0 169
3 1 856
3 2 767
3 3 0
3 4 897
3 5 80
3 6 764
3 7 805
3 8 197
3 9 793
3 10 701
3 11 812
3 12 811
3 13 346
3 14 587
3 15 675
3 16 547
3 17 224
3 18 738
3 19 592
3 20 902
3 21 149
3 22 362
3 23 447
3 24 352
3 25 484
3 26 547
3 27 664
3 28 339
3 29 719
3 30 473
3 31 106
3 32 184
3 33 430
3 34 987
3 35 844
3 36 519
3 37 468
3 38 440
3 39 296
3 40 967
3 41 564
3 42 541
3 43 449
3 44 760
3 45 337
3 46 780
3 47 664
3 48 606
3 49 260
3 50 324
3 51 152
3 52 852
3 53 682
3 54 432
3 55 388
3 56 42
3 57 766
3 58 547
3 59 552
3 60 734
3 61 609
3 62 1046
3 63 787
3 64 761
3 65 945
3 66 718
3 67 731
3 68 822
3 69 382
3 70 76
3 71 1030
3 72 328
3 73 718
3 74 373
3 75 101
3 76 718
3 77 726
3 78 454
3 79 615
3 80 181
3 81 385
3 82 351
3 83 572
3 84 835
3 85 627
3 86 560
3 87 116
3 88 830
3 89 158
3 90 10
3 91 380
3 92 574
3 93 183
3 94 827
3 95 473
3 96 709
3 97 1050
3 98 729
3 99 200
4 0 752
4 1 544
4 2 539
4 3 897
4 4 0
4 5 892
4 6 134
4 7 95
4 8 1049
4 9 149
4 10 334
4 11 313
4 12 297
4 13 669
4 14 769
4 15 377
4 16 639
4 17 974
4 18 167
4 19 601
4 20 661
4 21 760
4 22 789
4 23 512
4 24 856
4 25 545
4 26 397
4 27 470
4 28 623
4 29 748
4 30 475
4 31 948
4 32 1050
4 33 718
4 34 121
4 35 214
4 36 382
4 37 450
4 38 850
4 39 702
4 40 204
4 41 471
4 42 361
4 43 473
4 44 594
4 45 893
4 46 213
4 47 362
4 48 605
4 49 945
4 50 769
4 51 784
4 52 555
4 53 469
4 54 583
4 55 564
4 56 898
4 57 460
4 58 701
4 59 685
4 60 477
4 61 696
4 62 149
4 63 171
4 64 247
4 65 279
4 66 644
4 67 184
4 68 431
4 69 518
4 70 939
4 71 173
4 72 740
4 73 356
4 74 526
4 75 813
4 76 198
4 77 316
4 78 448
4 79 816
4 80 735
4 81 567
4 82 645
4 83 678
4 84 405
4 85 277
4 86 342
4 87 788
4 88 199
4 89 885
4 90 891
4 91 568
4 92 857
4 93 976
4 94 606
4 95 836
4 96 615
4 97 185
4 98 555
4 99 1030
5 0 141
5 1 804
5 2 715
5 3 80
5 4 892
5 5 0
5 6 761
5 7 803
5 8 161
5 9 778
5 10 669
5 11 835
5 12 832
5 13 293
5 14 652
5 15 702
5 16 601
5 17 151
5 18 728
5 19 536
5 20 843
5 21 187
5 22 289
5 23 475
5 24 274
5 25 440
5 26 522
5 27 702
5 28 300
5 29 780
5 30 445
5 31 56
5 32 158
5 33 364
5 34 988
5 35 820
5 36 524
5 37 483
5 38 513
5 39 348
5 40 978
5 41 597
5 42 531
5 43 428
5 44 808
5 45 257
5 46 793
5 47 631
5 48 657
5 49 181
5 50 255
5 51 207
5 52 799
5 53 636
5 54 473
5 55 355
5 56 38
5 57 803
5 58 607
5 59 610
5 60 773
5 61 668
5 62 1041
5 63 770
5 64 776
5 65 964
5 66 657
5 67 719
5 68 856
5 69 374
5 70 153
5 71 1034
5 72 390
5 73 744
5 74 379
5 75 82
5 76 705
5 77 748
5 78 444
5 79 683
5 80 218
5 81 352
5 82 304
5 83 508
5 84 867
5 85 630
5 86 550
5 87 155
5 88 842
5 89 77
5 90 72
5 91 347
5 92 645
5 93 117
5 94 770
5 95 545
5 96 650
5 97 1053
5 98 774
5 99 151
6 0 621
6 1 522
6 2 495
6 3 764
6 4 134
6 5 761
6 6 0
6 7 42
6 8 919
6 9 116
6 10 269
6 11 268
6 12 253
6 13 551
6 14 663
6 15 282
6 16 529
6 17 848
6 18 65
6 19 518
6 20 639
6 21 626
6 22 675
6 23 383
6 24 741
6 25 439
6 26 284
6 27 378
6 28 500
6 29 660
6 30 358
6 31 817
6 32 920
6 33 611
6 34 230
6 35 220
6 36 248
6 37 318
6 38 729
6 39 570
6 40 259
6 41 357
6 42 232
6 43 349
6 44 521
6 45 776
6 46 152
6 47 286
6 48 504
6 49 822
6 50 651
6 51 650
6 52 532
6 53 405
6 54 457
6 55 442
6 56 765
6 57 394
6 58 592
6 59 576
6 60 402
6 61 594
6 62 282
6 63 137
6 64 176
6 65 300
6 66 584
6 67 92
6 68 383
6 69 387
6 70 805
6 71 279
6 72 611
6 73 275
6 74 392
6 75 681
6 76 101
6 77 235
6 78 318
6 79 712
6 80 601
6 81 445
6 82 525
6 83 592
6 84 363
6 85 144
6 86 215
6 87 654
6 88 171
6 89 757
6 90 757
6 91 445
6 92 747
6 93 848
6 94 572
6 95 718
6 96 555
6 97 297
6 98 477
6 99 901
7 0 663
7 1 541
7 2 520
7 3 805
7 4 95
7 5 803
7 6 42
7 7 0
7 8 961
7 9 126
7 10 297
7 11 260
7 12 245
7 13 592
7 14 683
7 15 296
7 16 551
7 17 890
7 18 98
7 19 553
7 20 658
7 21 666
7 22 717
7 23 416
7 24 783
7 25 478
7 26 325
7 27 391
7 28 542
7 29 673
7 30 400
7 31 859
7 32 961
7 33 651
7 34 188
7 35 225
7 36 288
7 37 355
7 38 757
7 39 606
7 40 224
7 41 381
7 42 274
7 43 392
7 44 527
7 45 818
7 46 147
7 47 318
7 48 521
7 49 864
7 50 693
7 51 689
7 52 550
7 53 434
7 54 488
7 55 484
7 56 807
7 57 396
7 58 614
7 59 597
7 60 408
7 61 613
7 62 242
7 63 150
7 64 176
7 65 272
7 66 613
7 67 123
7 68 378
7 69 429
7 70 845
7 71 237
7 72 644
7 73 282
7 74 432
7 75 723
7 76 135
7 77 241
7 78 361
7 79 731
7 80 640
7 81 488
7 82 567
7 83 628
7 84 356
7 85 181
7 86 257
7 87 695
7 88 154
7 89 800
7 90 799
7 91 488
7 92 770
7 93 890
7 94 594
7 95 745
7 96 584
7 97 255
7 98 484
7 99 943
8 0 298
8 1 912
8 2 824
8 3 197
8 4 1049
8 5 161
8 6 919
8 7 961
8 8 0
8 9 930
8 10 809
8 11 996
8 12 994
8 13 417
8 14 780
8 15 862
8 16 744
8 17 123
8 18 884
8 19 640
8 20 935
8 21 340
8 22 366
8 23 635
8 24 321
8 25 569
8 26 670
8 27 858
8 28 440
8 29 913
8 30 590
8 31 105
8 32 24
8 33 455
8 34 1147
8 35 965
8 36 685
8 37 645
8 38 623
8 39 493
8 40 1140
8 41 755
8 42 688
8 43 579
8 44 957
8 45 286
8 46 954
8 47 770
8 48 803
8 49 181
8 50 348
8 51 349
8 52 906
8 53 759
8 54 626
8 55 498
8 56 171
8 57 960
8 58 743
8 59 748
8 60 928
8 61 805
8 62 1197
8 63 920
8 64 938
8 65 1125
8 66 749
8 67 873
8 68 1014
8 69 532
8 70 227
8 71 1193
8 72 524
8 73 904
8 74 541
8 75 243
8 76 859
8 77 909
8 78 601
8 79 804
8 80 372
8 81 495
8 82 434
8 83 596
8 84 1026
8 85 790
8 86 706
8 87 307
8 88 1004
8 89 169
8 90 196
8 91 492
8 92 759
8 93 87
8 94 868
8 95 658
8 96 747
8 97 1213
8 98 925
8 99 33
9 0 637
9 1 415
9 2 398
9 3 793
9 4 149
9 5 778
9 6 116
9 7 126
9 8 930
9 9 0
9 10 185
9 11 383
9 12 367
9 13 535
9 14 764
9 15 394
9 16 629
9 17 847
9 18 74
9 19 451
9 20 532
9 21 666
9 22 649
9 23 460
9 24 717
9 25 402
9 26 263
9 27 489
9 28 494
9 29 771
9 30 343
9 31 833
9 32 934
9 33 574
9 34 270
9 35 105
9 36 306
9 37 384
9 38 814
9 39 636
9 40 338
9 41 457
9 42 254
9 43 351
9 44 636
9 45 755
9 46 267
9 47 213
9 48 609
9 49 814
9 50 632
9 51 696
9 52 424
9 53 320
9 54 539
9 55 435
9 56 788
9 57 510
9 58 691
9 59 675
9 60 517
9 61 699
9 62 279
9 63 24
9 64 293
9 65 397
9 66 497
9 67 65
9 68 499
9 69 412
9 70 842
9 71 323
9 72 684
9 73 390
9 74 434
9 75 702
9 76 76
9 77 350
9 78 339
9 79 814
9 80 644
9 81 438
9 82 511
9 83 529
9 84 478
9 85 221
9 86 235
9 87 691
9 88 280
9 89 763
9 90 785
9 91 440
9 92 845
9 93 853
9 94 470
9 95 807
9 96 468
9 97 334
9 98 591
9 99 909
10 0 534
10 1 271
10 2 228
10 3 701
10 4 334
10 5 669
10 6 269
10 7 297
10 8 809
10 9 185
10 10 0
10 11 527
10 12 513
10 13 394
10 14 812
10 15 495
10 16 678
10 17 712
10 18 204
10 19 268
10 20 382
10 21 596
10 22 492
10 23 473
10 24 559
10 25 246
10 26 160
10 27 581
10 28 370
10 29 848
10 30 227
10 31 719
10 32 816
10 33 409
10 34 455
10 35 164
10 36 314
10 37 390
10 38 822
10 39 613
10 40 519
10 41 517
10 42 225
10 43 258
10 44 739
10 45 600
10 46 414
10 47 39
10 48 676
10 49 672
10 50 483
10 51 634
10 52 277
10 53 136
10 54 554
10 55 314
10 56 687
10 57 628
10 58 735
10 59 723
10 60 626
10 61 758
10 62 454
10 63 162
10 64 430
10 65 569
10 66 316
10 67 177
10 68 632
10 69 343
10 70 761
10 71 507
10 72 672
10 73 505
10 74 391
10 75 602
10 76 168
10 77 471
10 78 279
10 79 862
10 80 582
10 81 317
10 82 375
10 83 347
10 84 617
10 85 288
10 86 213
10 87 614
10 88 440
10 89 639
10 90 692
10 91 322
10 92 880
10 93 726
10 94 308
10 95 823
10 96 286
10 97 519
10 98 691
10 99 784
11 0 710
11 1 789
11 2 755
11 3 812
11 4 313
11 5 835
11 6 268
11 7 260
11 8 996
11 9 383
11 10 527
11 11 0
11 12 15
11 13 706
11 14 499
11 15 139
11 16 387
11 17 954
11 18 328
11 19 746
11 20 905
11 21 662
11 22 838
11 23 365
11 24 897
11 25 636
11 26 486
11 27 197
11 28 644
11 29 449
11 30 537
11 31 891
11 32 990
11 33 795
11 34 295
11 35 485
11 36 340
11 37 354
11 38 621
11 39 545
11 40 203
11 41 260
11 42 395
11 43 507
11 44 286
11 45 925
11 46 116
11 47 535
11 48 335
11 49 944
11 50 804
11 51 669
11 52 798
11 53 656
11 54 401
11 55 597
11 56 827
11 57 151
11 58 444
11 59 427
11 60 176
11 61 421
11 62 398
11 63 405
11 64 96
11 65 141
11 66 833
11 67 355
11 68 119
11 69 496
11 70 829
11 71 307
11 72 558
11 73 96
11 74 463
11 75 753
11 76 360
11 77 88
11 78 453
11 79 540
11 80 631
11 81 600
11 82 680
11 83 812
11 84 95
11 85 268
11 86 387
11 87 695
11 88 114
11 89 856
11 90 808
11 91 596
11 92 592
11 93 941
11 94 835
11 95 598
11 96 803
11 97 328
11 98 252
11 99 986
12 0 706
12 1 774
12 2 741
12 3 811
12 4 297
12 5 832
12 6 253
12 7 245
12 8 994
12 9 367
12 10 513
12 11 15
12 12 0
12 13 699
12 14 509
12 15 142
12 16 396
12 17 950
12 18 313
12 19 735
12 20 890
12 21 661
12 22 831
12 23 365
12 24 890
12 25 626
12 26 475
12 27 206
12 28 637
12 29 463
12 30 528
12 31 889
12 32 988
12 33 786
12 34 282
12 35 470
12 36 332
12 37 350
12 38 629
12 39 547
12 40 193
12 41 263
12 42 385
12 43 498
12 44 301
12 45 918
12 46 100
12 47 522
12 48 345
12 49 939
12 50 797
12 51 669
12 52 783
12 53 642
12 54 403
12 55 589
12 56 825
12 57 165
12 58 453
12 59 436
12 60 189
12 61 432
12 62 384
12 63 390
12 64 83
12 65 137
12 66 820
12 67 340
12 68 134
12 69 490
12 70 829
12 71 296
12 72 562
12 73 100
12 74 459
12 75 751
12 76 346
12 77 85
12 78 445
12 79 551
12 80 630
12 81 592
12 82 672
12 83 801
12 84 111
12 85 257
12 86 377
12 87 694
12 88 98
12 89 852
12 90 807
12 91 589
12 92 602
12 93 938
12 94 821
12 95 606
12 96 790
12 97 317
12 98 266
12 99 983
13 0 184
13 1 511
13 2 422
13 3 346
13 4 669
13 5 293
13 6 551
13 7 592
13 8 417
13 9 535
13 10 394
13 11 706
13 12 699
13 13 0
13 14 721
13 15 599
13 16 620
13 17 317
13 18 502
13 19 247
13 20 557
13 21 303
13 22 132
13 23 417
13 24 193
13 25 151
13 26 272
13 27 638
13 28 64
13 29 817
13 30 193
13 31 336
13 32 427
13 33 118
13 34 780
13 35 555
13 36 366
13 37 373
13 38 643
13 39 418
13 40 800
13 41 534
13 42 325
13 43 205
13 44 783
13 45 225
13 46 630
13 47 355
13 48 655
13 49 279
13 50 101
13 51 349
13 52 507
13 53 344
13 54 465
13 55 110
13 56 320
13 57 729
13 58 653
13 59 649
13 60 708
13 61 703
13 62 812
13 63 521
13 64 624
13 65 810
13 66 375
13 67 485
13 68 766
13 69 217
13 70 419
13 71 830
13 72 483
13 73 633
13 74 272
13 75 246
13 76 471
13 77 621
13 78 253
13 79 765
13 80 310
13 81 107
13 82 26
13 83 237
13 84 767
13 85 450
13 86 339
13 87 302
13 88 675
13 89 249
13 90 335
13 91 110
13 92 752
13 93 332
13 94 481
13 95 663
13 96 363
13 97 847
13 98 739
13 99 391
14 0 598
14 1 1072
14 2 1004
14 3 587
14 4 769
14 5 652
14 6 663
14 7 683
14 8 780
14 9 764
14 10 812
14 11 499
14 12 509
14 13 721
14 14 0
14 15 393
14 16 135
14 17 803
14 18 689
14 19 901
14 20 1168
14 21 476
14 22 826
14 23 344
14 24 857
14 25 756
14 26 678
14 27 305
14 28 663
14 29 139
14 30 666
14 31 693
14 32 762
14 33 839
14 34 787
14 35 864
14 36 497
14 37 425
14 38 179
14 39 315
14 40 702
14 41 307
14 42 588
14 43 617
14 44 261
14 45 863
14 46 560
14 47 795
14 48 165
14 49 824
14 50 780
14 51 446
14 52 1075
14 53 891
14 54 269
14 55 655
14 56 623
14 57 362
14 58 76
14 59 89
14 60 328
14 61 78
14 62 885
14 63 776
14 64 526
14 65 630
14 66 1027
14 67 705
14 68 423
14 69 538
14 70 556
14 71 805
14 72 263
14 73 420
14 74 472
14 75 595
14 76 700
14 77 458
14 78 565
14 79 50
14 80 450
14 81 656
14 82 703
14 83 932
14 84 451
14 85 546
14 86 599
14 87 502
14 88 592
14 89 713
14 90 590
14 91 649
14 92 93
14 93 768
14 94 1086
14 95 141
14 96 1003
14 97 826
14 98 266
14 99 787
15 0 581
15 1 766
15 2 718
15 3 675
15 4 377
15 5 702
15 6 282
15 7 296
15 8 862
15 9 394
15 10 495
15 11 139
15 12 142
15 13 599
15 14 393
15 15 0
15 16 267
15 17 826
15 18 324
15 19 677
15 20 876
15 21 525
15 22 730
15 23 227
15 24 785
15 25 551
15 26 414
15 27 95
15 28 535
15 29 377
15 30 449
15 31 757
15 32 855
15 33 698
15 34 398
15 35 499
15 36 238
15 37 230
15 38 494
15 39 405
15 40 329
15 41 121
15 42 315
15 43 411
15 44 245
15 45 809
15 46 167
15 47 493
15 48 228
15 49 820
15 50 692
15 51 530
15 52 773
15 53 610
15 54 261
15 55 494
15 56 692
15 57 138
15 58 328
15 59 311
15 60 131
15 61 319
15 62 494
15 63 411
15 64 133
15 65 280
15 66 778
15 67 346
15 68 167
15 69 382
15 70 690
15 71 422
15 72 419
15 73 43
15 74 340
15 75 621
15 76 346
15 77 67
15 78 352
15 79 439
15 80 494
15 81 496
15 82 573
15 83 734
15 84 169
15 85 208
15 86 313
15 87 558
15 88 203
15 89 727
15 90 672
15 91 492
15 92 483
15 93 811
15 94 801
15 95 474
15 96 750
15 97 444
15 98 198
15 99 853
16 0 522
16 1 941
16 2 875
16 3 547
16 4 639
16 5 601
16 6 529
16 7 551
16 8 744
16 9 629
16 10 678
16 11 387
16 12 396
16 13 620
16 14 135
16 15 267
16 16 0
16 17 748
16 18 554
16 19 782
16 20 1039
16 21 415
16 22 735
16 23 219
16 24 773
16 25 638
16 26 549
16 27 189
16 28 558
16 29 197
16 30 544
16 31 648
16 32 730
16 33 736
16 34 666
16 35 728
16 36 365
16 37 295
16 38 235
16 39 252
16 40 589
16 41 172
16 42 457
16 43 496
16 44 216
16 45 785
16 46 434
16 47 663
16 48 64
16 49 760
16 50 690
16 51 396
16 52 945
16 53 762
16 54 155
16 55 543
16 56 578
16 57 270
16 58 62
16 59 46
16 60 234
16 61 85
16 62 761
16 63 641
16 64 401
16 65 526
16 66 905
16 67 570
16 68 333
16 69 422
16 70 534
16 71 688
16 72 224
16 73 300
16 74 357
16 75 533
16 76 565
16 77 334
16 78 440
16 79 185
16 80 384
16 81 544
16 82 599
16 83 819
16 84 358
16 85 410
16 86 466
16 87 445
16 88 470
16 89 652
16 90 548
16 91 537
16 92 218
16 93 718
16 94 958
16 95 210
16 96 880
16 97 710
16 98 196
16 99 746
17 0 245
17 1 796
17 2 708
17 3 224
17 4 974
17 5 151
17 6 848
17 7 890
17 8 123
17 9 847
17 10 712
17 11 954
17 12 950
17 13 317
17 14 803
17 15 826
17 16 748
17 17 0
17 18 806
17 19 524
17 20 814
17 21 332
17 22 246
17 23 605
17 24 198
17 25 466
17 26 583
17 27 836
17 28 352
17 29 930
17 30 503
17 31 123
17 32 143
17 33 338
17 34 1078
17 35 872
17 36 627
17 37 600
17 38 663
17 39 496
17 40 1082
17 41 730
17 42 615
17 43 500
17 44 951
17 45 163
17 46 900
17 47 672
17 48 801
17 49 57
17 50 235
17 51 357
17 52 789
17 53 650
17 54 613
17 55 411
17 56 183
17 57 937
17 58 756
17 59 759
17 60 908
17 61 817
17 62 1120
17 63 834
17 64 887
17 65 1076
17 66 629
17 67 793
17 68 986
17 69 468
17 70 285
17 71 1126
17 72 540
17 73 867
17 74 491
17 75 215
17 76 779
17 77 866
17 78 531
17 79 834
17 80 363
17 81 408
17 82 337
17 83 476
17 84 995
17 85 728
17 86 633
17 87 303
17 88 949
17 89 99
17 90 218
17 91 406
17 92 796
17 93 47
17 94 749
17 95 696
17 96 628
17 97 1145
17 98 915
17 99 90
18 0 587
18 1 461
18 2 431
18 3 738
18 4 167
18 5 728
18 6 65
18 7 98
18 8 884
18 9 74
18 10 204
18 11 328
18 12 313
18 13 502
18 14 689
18 15 324
18 16 554
18 17 806
18 18 0
18 19 455
18 20 577
18 21 605
18 22 624
18 23 387
18 24 690
18 25 382
18 26 231
18 27 418
18 28 455
18 29 698
18 30 308
18 31 783
18 32 886
18 33 556
18 34 279
18 35 176
18 36 236
18 37 313
18 38 740
18 39 566
18 40 322
18 41 382
18 42 197
18 43 306
18 44 568
18 45 726
18 46 213
18 47 221
18 48 535
18 49 778
18 50 602
18 51 633
18 52 469
18 53 339
18 54 465
18 55 396
18 56 736
18 57 445
18 58 616
18 59 601
18 60 450
18 61 625
18 62 314
18 63 87
18 64 233
18 65 365
18 66 519
18 67 27
18 68 440
18 69 356
18 70 783
18 71 331
18 72 613
18 73 323
18 74 371
18 75 650
18 76 37
18 77 285
18 78 284
18 79 739
18 80 582
18 81 400
18 82 477
18 83 529
18 84 421
18 85 147
18 86 178
18 87 631
18 88 236
18 89 719
18 90 730
18 91 400
18 92 770
18 93 809
18 94 509
18 95 733
18 96 489
18 97 346
18 98 522
18 99 864
19 0 430
19 1 272
19 2 184
19 3 592
19 4 601
19 5 536
19 6 518
19 7 553
19 8 640
19 9 451
19 10 268
19 11 746
19 12 735
19 13 247
19 14 901
19 15 677
19 16 782
19 17 524
19 18 455
19 19 0
19 20 310
19 21 541
19 22 279
19 23 563
19 24 338
19 25 145
19 26 262
19 27 743
19 28 272
19 29 974
19 30 239
19 31 572
19 32 654
19 33 186
19 34 722
19 35 424
19 36 444
19 37 492
19 38 856
19 39 628
19 40 777
19 41 653
19 42 361
19 43 286
19 44 902
19 45 380
19 46 644
19 47 238
19 48 800
19 49 473
19 50 292
19 51 586
19 52 266
19 53 148
19 54 632
19 55 253
19 56 565
19 57 815
19 58 827
19 59 819
19 60 804
19 61 867
19 62 722
19 63 430
19 64 652
19 65 815
19 66 132
19 67 429
19 68 836
19 69 362
19 70 666
19 71 774
19 72 694
19 73 700
19 74 429
19 75 493
19 76 418
19 77 674
19 78 344
19 79 949
19 80 542
19 81 253
19 82 246
19 83 78
19 84 827
19 85 480
19 86 364
19 87 545
19 88 680
19 89 480
19 90 582
19 91 261
19 92 948
19 93 552
19 94 234
19 95 869
19 96 117
19 97 786
19 98 854
19 99 610
20 0 741
20 1 117
20 2 163
20 3 902
20 4 661
20 5 843
20 6 639
20 7 658
20 8 935
20 9 532
20 10 382
20 11 905
20 12 890
20 13 557
20 14 1168
20 15 876
20 16 1039
20 17 814
20 18 577
20 19 310
20 20 0
20 21 849
20 22 569
20 23 823
20 24 617
20 25 440
20 26 490
20 27 960
20 28 579
20 29 1220
20 30 508
20 31 876
20 32 951
20 33 482
20 34 774
20 35 447
20 36 677
20 37 743
20 38 1146
20 39 921
20 40 865
20 41 888
20 42 584
20 43 556
20 44 1119
20 45 657
20 46 790
20 47 384
20 48 1045
20 49 759
20 50 592
20 51 894
20 52 107
20 53 277
20 54 900
20 55 551
20 56 873
20 57 1010
20 58 1092
20 59 1081
20 60 1008
20 61 1123
20 62 732
20 63 508
20 64 809
20 65 929
20 66 186
20 67 550
20 68 1013
20 69 644
20 70 976
20 71 822
20 72 986
20 73 887
20 74 707
20 75 804
20 76 544
20 77 853
20 78 604
20 79 1218
20 80 847
20 81 552
20 82 556
20 83 338
20 84 997
20 85 668
20 86 578
20 87 854
20 88 810
20 89 783
20 90 892
20 91 560
20 92 1226
20 93 847
20 94 82
20 95 1155
20 96 193
20 97 827
20 98 1071
20 99 903
21 0 133
21 1 786
21 2 700
21 3 149
21 4 760
21 5 187
21 6 626
21 7 666
21 8 340
21 9 666
21 10 596
21 11 662
21 12 661
21 13 303
21 14 476
21 15 525
21 16 415
21 17 332
21 18 605
21 19 541
21 20 849
21 21 0
21 22 373
21 23 298
21 24 390
21 25 411
21 26 436
21 27 518
21 28 269
21 29 598
21 30 372
21 31 238
21 32 330
21 33 413
21 34 844
21 35 727
21 36 378
21 37 321
21 38 358
21 39 163
21 40 820
21 41 416
21 42 412
21 43 337
21 44 621
21 45 390
21 46 633
21 47 561
21 48 470
21 49 348
21 50 327
21 51 45
21 52 784
21 53 601
21 54 287
21 55 301
21 56 169
21 57 620
21 58 424
21 59 427
21 60 588
21 61 484
21 62 908
21 63 662
21 64 613
21 65 796
21 66 673
21 67 602
21 68 674
21 69 257
21 70 178
21 71 886
21 72 213
21 73 568
21 74 234
21 75 119
21 76 589
21 77 576
21 78 329
21 79 511
21 80 32
21 81 300
21 82 297
21 83 540
21 84 687
21 85 486
21 86 431
21 87 33
21 88 682
21 89 238
21 90 146
21 91 293
21 92 482
21 93 303
21 94 769
21 95 384
21 96 658
21 97 907
21 98 587
21 99 336
22 0 240
22 1 550
22 2 462
22 3 362
22 4 789
22 5 289
22 6 675
22 7 717
22 8 366
22 9 649
22 10 492
22 11 838
22 12 831
22 13 132
22 14 826
22 15 730
22 16 735
22 17 246
22 18 624
22 19 279
22 20 569
22 21 373
22 22 0
22 23 542
22 24 67
22 25 248
22 26 392
22 27 767
22 28 195
22 29 931
22 30 317
22 31 312
22 32 382
22 33 92
22 34 903
22 35 656
22 36 498
22 37 503
22 38 729
22 39 514
22 40 928
22 41 661
22 42 455
22 43 335
22 44 908
22 45 107
22 46 761
22 47 453
22 48 774
22 49 194
22 50 46
22 51 416
22 52 543
22 53 411
22 54 582
22 55 242
22 56 325
22 57 859
22 58 763
22 59 760
22 60 837
22 61 816
22 62 929
22 63 633
22 64 756
22 65 941
22 66 383
22 67 605
22 68 897
22 69 347
22 70 439
22 71 954
22 72 575
22 73 765
22 74 399
22 75 279
22 76 591
22 77 753
22 78 385
22 79 868
22 80 389
22 81 239
22 82 158
22 83 230
22 84 898
22 85 581
22 86 468
22 87 361
22 88 806
22 89 219
22 90 352
22 91 241
22 92 847
22 93 278
22 94 503
22 95 753
22 96 381
22 97 970
22 98 865
22 99 334
23 0 362
23 1 728
23 2 659
23 3 447
23 4 512
23 5 475
23 6 383
23 7 416
23 8 635
23 9 460
23 10 473
23 11 365
23 12 365
23 13 417
23 14 344
23 15 227
23 16 219
23 17 605
23 18 387
23 19 563
23 20 823
23 21 298
23 22 542
23 23 0
23 24 589
23 25 420
23 26 333
23 27 231
23 28 353
23 29 411
23 30 325
23 31 530
23 32 627
23 33 530
23 34 574
23 35 548
23 36 161
23 37 82
23 38 356
23 39 192
23 40 533
23 41 124
23 42 247
23 43 277
23 44 366
23 45 607
23 46 348
23 47 453
23 48 240
23 49 604
23 50 499
23 51 304
23 52 731
23 53 546
23 54 82
23 55 330
23 56 464
23 57 331
23 58 268
23 59 258
23 60 303
23 61 304
23 62 653
23 63 466
23 64 323
23 65 501
23 66 686
23 67 395
23 68 381
23 69 208
23 70 464
23 71 610
23 72 228
23 73 270
23 74 145
23 75 396
23 76 387
23 77 280
23 78 221
23 79 394
23 80 266
23 81 331
23 82 394
23 83 602
23 84 391
23 85 241
23 86 260
23 87 330
23 88 396
23 89 506
23 90 444
23 91 325
23 92 407
23 93 587
23 94 741
23 95 353
23 96 661
23 97 632
23 98 323
23 99 627
24 0 259
24 1 606
24 2 520
24 3 352
24 4 856
24 5 274
24 6 741
24 7 783
24 8 321
24 9 717
24 10 559
24 11 897
24 12 890
24 13 193
24 14 857
24 15 785
24 16 773
24 17 198
24 18 690
24 19 338
24 20 617
24 21 390
24 22 67
24 23 589
24 24 0
24 25 315
24 26 459
24 27 817
24 28 252
24 29 968
24 30 383
24 31 285
24 32 340
24 33 155
24 34 970
24 35 723
24 36 557
24 37 556
24 38 748
24 39 542
24 40 992
24 41 710
24 42 518
24 43 398
24 44 954
24 45 42
24 46 823
24 47 521
24 48 816
24 49 142
24 50 93
24 51 430
24 52 598
24 53 475
24 54 622
24 55 304
24 56 312
24 57 912
24 58 797
24 59 796
24 60 888
24 61 852
24 62 996
24 63 700
24 64 817
24 65 1003
24 66 433
24 67 672
24 68 952
24 69 403
24 70 428
24 71 1020
24 72 600
24 73 822
24 74 449
24 75 283
24 76 658
24 77 811
24 78 445
24 79 896
24 80 411
24 81 300
24 82 219
24 83 282
24 84 954
24 85 644
24 86 532
24 87 373
24 88 869
24 89 197
24 90 343
24 91 303
24 92 871
24 93 237
24 94 555
24 95 775
24 96 434
24 97 1037
24 98 912
24 99 289
25 0 316
25 1 375
25 2 289
25 3 484
25 4 545
25 5 440
25 6 439
25 7 478
25 8 569
25 9 402
25 10 246
25 11 636
25 12 626
25 13 151
25 14 756
25 15 551
25 16 638
25 17 466
25 18 382
25 19 145
25 20 440
25 21 411
25 22 248
25 23 420
25 24 315
25 25 0
25 26 155
25 27 611
25 28 146
25 29 831
25 30 102
25 31 485
25 32 578
25 33 173
25 34 661
25 35 409
25 36 314
25 37 353
25 38 713
25 39 485
25 40 697
25 41 516
25 42 241
25 43 146
25 44 767
25 45 355
25 46 544
25 47 207
25 48 659
25 49 425
25 50 236
25 51 455
25 52 373
25 53 197
25 54 487
25 55 112
25 56 463
25 57 689
25 58 683
25 59 675
25 60 674
25 61 724
25 62 682
25 63 385
25 64 545
25 65 721
25 66 274
25 67 361
25 68 715
25 69 217
25 70 553
25 71 713
25 72 551
25 73 579
25 74 284
25 75 383
25 76 348
25 77 558
25 78 205
25 79 804
25 80 408
25 81 112
25 82 136
25 83 185
25 84 710
25 85 368
25 86 249
25 87 419
25 88 585
25 89 399
25 90 474
25 91 120
25 92 803
25 93 483
25 94 358
25 95 725
25 96 254
25 97 728
25 98 720
25 99 542
26 0 383
26 1 395
26 2 326
26 3 547
26 4 397
26 5 522
26 6 284
26 7 325
26 8 670
26 9 263
26 10 160
26 11 486
26 12 475
26 13 272
26 14 678
26 15 414
26 16 549
26 17 583
26 18 231
26 19 262
26 20 490
26 21 436
26 22 392
26 23 333
26 24 459
26 25 155
26 26 0
26 27 485
26 28 231
26 29 732
26 30 80
26 31 575
26 32 675
26 33 327
26 34 510
26 35 298
26 36 189
26 37 253
26 38 670
26 39 455
26 40 541
26 41 402
26 42 100
26 43 98
26 44 645
26 45 495
26 46 389
26 47 129
26 48 557
26 49 551
26 50 371
26 51 473
26 52 398
26 53 213
26 54 412
26 55 172
26 56 536
26 57 553
26 58 602
26 59 590
26 60 543
26 61 632
26 62 539
26 63 251
26 64 393
26 65 566
26 66 366
26 67 213
26 68 573
26 69 182
26 70 604
26 71 561
26 72 516
26 73 437
26 74 233
26 75 450
26 76 199
26 77 412
26 78 121
26 79 728
26 80 421
26 81 175
26 82 248
26 83 325
26 84 565
26 85 218
26 86 101
26 87 455
26 88 429
26 89 501
26 90 538
26 91 178
26 92 739
26 93 591
26 94 409
26 95 675
26 96 339
26 97 577
26 98 597
26 99 648
27 0 593
27 1 852
27 2 799
27 3 664
27 4 470
27 5 702
27 6 378
27 7 391
27 8 858
27 9 489
27 10 581
27 11 197
27 12 206
27 13 638
27 14 305
27 15 95
27 16 189
27 17 836
27 18 418
27 19 743
27 20 960
27 21 518
27 22 767
27 23 231
27 24 817
27 25 611
27 26 485
27 27 0
27 28 574
27 29 282
27 30 508
27 31 755
27 32 848
27 33 745
27 34 482
27 35 593
27 36 299
27 37 265
27 38 424
27 39 377
27 40 400
27 41 107
27 42 385
27 43 466
27 44 159
27 45 837
27 46 257
27 47 575
27 48 139
27 49 836
27 50 726
27 51 514
27 52 858
27 53 689
27 54 233
27 55 540
27 56 687
27 57 102
27 58 246
27 59 229
27 60 71
27 61 229
27 62 581
27 63 505
27 64 223
27 65 336
27 66 852
27 67 439
27 68 159
27 69 421
27 70 669
27 71 501
27 72 377
27 73 115
27 74 368
27 75 624
27 76 438
27 77 154
27 78 406
27 79 349
27 80 485
27 81 542
27 82 614
27 83 796
27 84 178
27 85 293
27 86 387
27 87 551
27 88 287
27 89 737
27 90 663
27 91 537
27 92 397
27 93 815
27 94 882
27 95 400
27 96 824
27 97 522
27 98 111
27 99 853
28 0 170
28 1 521
28 2 434
28 3 339
28 4 623
28 5 300
28 6 500
28 7 542
28 8 440
28 9 494
28 10 370
28 11 644
28 12 637
28 13 64
28 14 663
28 15 535
28 16 558
28 17 352
28 18 455
28 19 272
28 20 579
28 21 269
28 22 195
28 23 353
28 24 252
28 25 146
28 26 231
28 27 574
28 28 0
28 29 755
28 30 151
28 31 349
28 32 446
28 33 177
28 34 731
28 35 525
28 36 304
28 37 309
28 38 594
28 39 366
28 40 745
28 41 469
28 42 270
28 43 150
28 44 719
28 45 282
28 46 571
28 47 332
28 48 592
28 49 322
28 50 159
28 51 314
28 52 518
28 53 343
28 54 403
28 55 59
28 56 320
28 57 665
28 58 594
28 59 589
28 60 643
28 61 642
28 62 768
28 63 482
28 64 564
28 65 751
28 66 404
28 67 441
28 68 702
28 69 153
28 70 407
28 71 780
28 72 432
28 73 570
28 74 208
28 75 238
28 76 427
28 77 559
28 78 193
28 79 708
28 80 270
28 81 56
28 82 41
28 83 278
28 84 703
28 85 393
28 86 286
28 87 275
28 88 618
28 89 270
28 90 329
28 91 55
28 92 697
28 93 359
28 94 500
28 95 611
28 96 388
28 97 798
28 98 674
28 99 416
29 0 713
29 1 1117
29 2 1056
29 3 719
29 4 748
29 5 780
29 6 660
29 7 673
29 8 913
29 9 771
29 10 848
29 11 449
29 12 463
29 13 817
29 14 139
29 15 377
29 16 197
29 17 930
29 18 698
29 19 974
29 20 1220
29 21 598
29 22 931
29 23 411
29 24 968
29 25 831
29 26 732
29 27 282
29 28 755
29 29 0
29 30 734
29 31 823
29 32 897
29 33 933
29 34 745
29 35 874
29 36 543
29 37 482
29 38 318
29 39 434
29 40 646
29 41 332
29 42 635
29 43 687
29 44 169
29 45 977
29 46 534
29 47 838
29 48 174
29 49 946
29 50 886
29 51 573
29 52 1122
29 53 943
29 54 352
29 55 739
29 56 753
29 57 299
29 58 173
29 59 172
29 60 273
29 61 115
29 62 847
29 63 786
29 64 501
29 65 565
29 66 1094
29 67 718
29 68 350
29 69 618
29 70 692
29 71 754
29 72 390
29 73 392
29 74 553
29 75 717
29 76 716
29 77 432
29 78 629
29 79 140
29 80 570
29 81 740
29 82 796
29 83 1013
29 84 380
29 85 566
29 86 642
29 87 626
29 88 556
29 89 837
29 90 721
29 91 733
29 92 208
29 93 897
29 94 1139
29 95 280
29 96 1068
29 97 774
29 98 197
29 99 919
30 0 307
30 1 427
30 2 348
30 3 473
30 4 475
30 5 445
30 6 358
30 7 400
30 8 590
30 9 343
30 10 227
30 11 537
30 12 528
30 13 193
30 14 666
30 15 449
30 16 544
30 17 503
30 18 308
30 19 239
30 20 508
30 21 372
30 22 317
30 23 325
30 24 383
30 25 102
30 26 80
30 27 508
30 28 151
30 29 734
30 30 0
30 31 496
30 32 596
30 33 260
30 34 587
30 35 375
30 36 211
30 37 253
30 38 638
30 39 415
30 40 611
30 41 415
30 42 142
30 43 48
30 44 665
30 45 418
30 46 449
30 47 191
30 48 561
30 49 470
30 50 293
30 51 412
30 52 427
30 53 239
30 54 396
30 55 92
30 56 460
30 57 586
30 58 591
30 59 582
30 60 572
30 61 629
30 62 619
30 63 331
30 64 448
30 65 629
30 66 361
30 67 292
30 68 613
30 69 135
30 70 534
30 71 637
30 72 478
30 73 477
30 74 198
30 75 375
30 76 278
30 77 457
30 78 105
30 79 715
30 80 361
30 81 95
30 82 169
30 83 287
30 84 609
30 85 271
30 86 153
30 87 388
30 88 492
30 89 421
30 90 464
30 91 98
30 92 719
30 93 510
30 94 426
30 95 647
30 96 337
30 97 654
30 98 617
30 99 567
31 0 196
31 1 843
31 2 754
31 3 106
31 4 948
31 5 56
31 6 817
31 7 859
31 8 105
31 9 833
31 10 719
31 11 891
31 12 889
31 13 336
31 14 693
31 15 757
31 16 648
31 17 123
31 18 783
31 19 572
31 20 876
31 21 238
31 22 312
31 23 530
31 24 285
31 25 485
31 26 575
31 27 755
31 28 349
31 29 823
31 30 496
31 31 0
31 32 102
31 33 394
31 34 1045
31 35 872
31 36 580
31 37 540
31 38 545
31 39 395
31 40 1035
31 41 652
31 42 587
31 43 481
31 44 858
31 45 260
31 46 849
31 47 681
31 48 706
31 49 168
31 50 284
31 51 252
31 52 838
31 53 680
31 54 525
31 55 405
31 56 70
31 57 857
31 58 651
31 59 655
31 60 826
31 61 712
31 62 1097
31 63 823
31 64 833
31 65 1020
31 66 690
31 67 774
31 68 910
31 69 430
31 70 162
31 71 1090
31 72 432
31 73 800
31 74 436
31 75 138
31 76 760
31 77 804
31 78 499
31 79 721
31 80 270
31 81 402
31 82 349
31 83 538
31 84 922
31 85 686
31 86 605
31 87 205
31 88 899
31 89 93
31 90 102
31 91 398
31 92 680
31 93 78
31 94 805
31 95 579
31 96 684
31 97 1110
31 98 825
31 99 98
32 0 298
32 1 926
32 2 838
32 3 184
32 4 1050
32 5 158
32 6 920
32 7 961
32 8 24
32 9 934
32 10 816
32 11 990
32 12 988
32 13 427
32 14 762
32 15 855
32 16 730
32 17 143
32 18 886
32 19 654
32 20 951
32 21 330
32 22 382
32 23 627
32 24 340
32 25 578
32 26 675
32 27 848
32 28 446
32 29 897
32 30 596
32 31 102
32 32 0
32 33 471
32 34 1147
32 35 971
32 36 683
32 37 640
32 38 603
32 39 480
32 40 1137
32 41 746
32 42 689
32 43 583
32 44 944
32 45 306
32 46 951
32 47 778
32 48 790
32 49 201
32 50 362
32 51 336
32 52 920
32 53 770
32 54 615
32 55 504
32 56 162
32 57 950
32 58 727
32 59 733
32 60 918
32 61 789
32 62 1199
32 63 924
32 64 933
32 65 1120
32 66 765
32 67 876
32 68 1005
32 69 532
32 70 207
32 71 1192
32 72 509
32 73 897
32 74 538
32 75 240
32 76 862
32 77 903
32 78 602
32 79 786
32 80 362
32 81 501
32 82 443
32 83 612
32 84 1017
32 85 789
32 86 708
32 87 297
32 88 1000
32 89 178
32 90 185
32 91 498
32 92 739
32 93 104
32 94 884
32 95 639
32 96 762
32 97 1212
32 98 913
32 99 55
33 0 285
33 1 458
33 2 370
33 3 430
33 4 718
33 5 364
33 6 611
33 7 651
33 8 455
33 9 574
33 10 409
33 11 795
33 12 786
33 13 118
33 14 839
33 15 698
33 16 736
33 17 338
33 18 556
33 19 186
33 20 482
33 21 413
33 22 92
33 23 530
33 24 155
33 25 173
33 26 327
33 27 745
33 28 177
33 29 933
33 30 260
33 31 394
33 32 471
33 33 0
33 34 835
33 35 573
33 36 460
33 37 479
33 38 760
33 39 536
33 40 868
33 41 642
33 42 402
33 43 288
33 44 893
33 45 197
33 46 709
33 47 371
33 48 769
33 49 287
33 50 110
33 51 458
33 52 451
33 53 320
33 54 581
33 55 204
33 56 397
33 57 832
33 58 771
33 59 766
33 60 813
33 61 820
33 62 854
33 63 556
33 64 708
33 65 889
33 66 295
33 67 535
33 68 864
33 69 324
33 70 507
33 71 886
33 72 600
33 73 730
33 74 384
33 75 338
33 76 521
33 77 713
33 78 345
33 79 883
33 80 423
33 81 202
33 82 136
33 83 143
33 84 863
33 85 531
33 86 413
33 87 408
33 88 752
33 89 301
33 90 420
33 91 208
33 92 869
33 93 367
33 94 413
33 95 780
33 96 291
33 97 902
33 98 848
33 99 424
34 0 849
34 1 658
34 2 658
34 3 987
34 4 121
34 5 988
34 6 230
34 7 188
34 8 1147
34 9 270
34 10 455
34 11 295
34 12 282
34 13 780
34 14 787
34 15 398
34 16 666
34 17 1078
34 18 279
34 19 722
34 20 774
34 21 844
34 22 903
34 23 574
34 24 970
34 25 661
34 26 510
34 27 482
34 28 731
34 29 745
34 30 587
34 31 1045
34 32 1147
34 33 835
34 34 0
34 35 329
34 36 467
34 37 525
34 38 891
34 39 767
34 40 117
34 41 510
34 42 462
34 43 580
34 44 581
34 45 1005
34 46 234
34 47 484
34 48 622
34 49 1053
34 50 881
34 51 864
34 52 670
34 53 590
34 54 637
34 55 673
34 56 991
34 57 446
34 58 726
34 59 709
34 60 471
34 61 711
34 62 104
34 63 293
34 64 266
34 65 208
34 66 764
34 67 300
34 68 403
34 69 615
34 70 1022
34 71 52
34 72 798
34 73 367
34 74 613
34 75 907
34 76 313
34 77 331
34 78 548
34 79 831
34 80 817
34 81 676
34 82 755
34 83 799
34 84 374
34 85 359
34 86 445
34 87 874
34 88 196
34 89 987
34 90 981
34 91 676
34 92 879
34 93 1077
34 94 723
34 95 872
34 96 735
34 97 67
34 98 548
34 99 1130
35 0 681
35 1 330
35 2 330
35 3 844
35 4 214
35 5 820
35 6 220
35 7 225
35 8 965
35 9 105
35 10 164
35 11 485
35 12 470
35 13 555
35 14 864
35 15 499
35 16 728
35 17 872
35 18 176
35 19 424
35 20 447
35 21 727
35 22 656
35 23 548
35 24 723
35 25 409
35 26 298
35 27 593
35 28 525
35 29 874
35 30 375
35 31 872
35 32 971
35 33 573
35 34 329
35 35 0
35 36 389
35 37 469
35 38 905
35 39 716
35 40 418
35 41 557
35 42 321
35 43 395
35 44 741
35 45 763
35 46 370
35 47 202
35 48 711
35 49 834
35 50 646
35 51 761
35 52 341
35 53 278
35 54 630
35 55 467
35 56 835
35 57 615
35 58 789
35 59 774
35 60 622
35 61 800
35 62 304
35 63 88
35 64 397
35 65 486
35 66 442
35 67 158
35 68 602
35 69 469
35 70 900
35 71 378
35 72 768
35 73 495
35 74 503
35 75 749
35 76 163
35 77 455
35 78 398
35 79 914
35 80 709
35 81 470
35 82 534
35 83 502
35 84 581
35 85 317
35 86 303
35 87 749
35 88 379
35 89 796
35 90 836
35 91 473
35 92 942
35 93 884
35 94 394
35 95 900
35 96 414
35 97 385
35 98 696
35 99 941
36 0 388
36 1 576
36 2 513
36 3 519
36 4 382
36 5 524
36 6 248
36 7 288
36 8 685
36 9 306
36 10 314
36 11 340
36 12 332
36 13 366
36 14 497
36 15 238
36 16 365
36 17 627
36 18 236
36 19 444
36 20 677
36 21 378
36 22 498
36 23 161
36 24 557
36 25 314
36 26 189
36 27 299
36 28 304
36 29 543
36 30 211
36 31 580
36 32 683
36 33 460
36 34 467
36 35 389
36 36 0
36 37 80
36 38 517
36 39 330
36 40 455
36 41 212
36 42 92
36 43 172
36 44 457
36 45 585
36 46 273
36 47 298
36 48 368
36 49 610
36 50 464
36 51 401
36 52 580
36 53 400
36 54 243
36 55 258
36 56 524
36 57 375
36 58 421
36 59 409
36 60 360
36 61 447
36 62 530
36 63 309
36 64 262
36 65 451
36 66 555
36 67 240
36 68 404
36 69 159
36 70 557
36 71 510
36 72 379
36 73 269
36 74 146
36 75 442
36 76 230
36 77 254
36 78 114
36 79 548
36 80 352
36 81 261
36 82 340
36 83 498
36 84 402
36 85 107
36 86 101
36 87 407
36 88 321
36 89 531
36 90 513
36 91 257
36 92 566
36 93 620
36 94 596
36 95 514
36 96 528
36 97 530
36 98 409
36 99 670
37 0 355
37 1 647
37 2 580
37 3 468
37 4 450
37 5 483
37 6 318
37 7 355
37 8 645
37 9 384
37 10 390
37 11 354
37 12 350
37 13 373
37 14 425
37 15 230
37 16 295
37 17 600
37 18 313
37 19 492
37 20 743
37 21 321
37 22 503
37 23 82
37 24 556
37 25 353
37 26 253
37 27 265
37 28 309
37 29 482
37 30 253
37 31 540
37 32 640
37 33 479
37 34 525
37 35 469
37 36 80
37 37 0
37 38 436
37 39 253
37 40 499
37 41 164
37 42 165
37 43 207
37 44 416
37 45 579
37 46 312
37 47 371
37 48 308
37 49 590
37 50 464
37 51 338
37 52 650
37 53 466
37 54 164
37 55 274
37 56 478
37 57 356
37 58 349
37 59 337
37 60 334
37 61 380
37 62 596
37 63 389
37 64 293
37 65 480
37 66 611
37 67 319
37 68 396
37 69 155
37 70 498
37 71 565
37 72 299
37 73 269
37 74 110
37 75 401
37 76 310
37 77 266
37 78 148
37 79 475
37 80 293
37 81 276
37 82 348
37 83 537
37 84 400
37 85 174
37 86 177
37 87 352
37 88 361
37 89 501
37 90 463
37 91 271
37 92 490
37 93 587
37 94 662
37 95 434
37 96 585
37 97 586
37 98 370
37 99 633
38 0 490
38 1 1063
38 2 986
38 3 440
38 4 850
38 5 513
38 6 729
38 7 757
38 8 623
38 9 814
38 10 822
38 11 621
38 12 629
38 13 643
38 14 179
38 15 494
38 16 235
38 17 663
38 18 740
38 19 856
38 20 1146
38 21 358
38 22 729
38 23 356
38 24 748
38 25 713
38 26 670
38 27 424
38 28 594
38 29 318
38 30 638
38 31 545
38 32 603
38 33 760
38 34 891
38 35 905
38 36 517
38 37 436
38 38 0
38 39 228
38 40 821
38 41 381
38 42 598
38 43 591
38 44 428
38 45 747
38 46 656
38 47 798
38 48 295
38 49 692
38 50 684
38 51 318
38 52 1064
38 53 875
38 54 275
38 55 603
38 56 480
38 57 504
38 58 188
38 59 203
38 60 468
38 61 238
38 62 981
38 63 822
38 64 625
38 65 761
38 66 987
38 67 751
38 68 568
38 69 502
38 70 396
38 71 917
38 72 162
38 73 530
38 74 440
38 75 469
38 76 743
38 77 561
38 78 549
38 79 188
38 80 340
38 81 603
38 82 630
38 83 873
38 84 593
38 85 594
38 86 612
38 87 376
38 88 696
38 89 582
38 90 445
38 91 595
38 92 135
38 93 623
38 94 1064
38 95 38
38 96 967
38 97 938
38 98 421
38 99 634
39 0 282
39 1 842
39 2 762
39 3 296
39 4 702
39 5 348
39 6 570
39 7 606
39 8 493
39 9 636
39 10 613
39 11 545
39 12 547
39 13 418
39 14 315
39 15 405
39 16 252
39 17 496
39 18 566
39 19 628
39 20 921
39 21 163
39 22 514
39 23 192
39 24 542
39 25 485
39 26 455
39 27 377
39 28 366
39 29 434
39 30 415
39 31 395
39 32 480
39 33 536
39 34 767
39 35 716
39 36 330
39 37 253
39 38 228
39 39 0
39 40 723
39 41 286
39 42 396
39 43 369
39 44 463
39 45 547
39 46 540
39 47 585
39 48 310
39 49 511
39 50 468
39 51 143
39 52 842
39 53 654
39 54 145
39 55 375
39 56 325
39 57 478
39 58 261
39 59 263
39 60 444
39 61 321
39 62 845
39 63 639
39 64 514
39 65 685
39 66 760
39 67 571
39 68 537
39 69 279
39 70 292
39 71 803
39 72 65
39 73 448
39 74 222
39 75 282
39 76 560
39 77 465
39 78 334
39 79 354
39 80 135
39 81 374
39 82 404
39 83 645
39 84 553
39 85 427
39 86 413
39 87 193
39 88 587
39 89 402
39 90 296
39 91 367
39 92 334
39 93 465
39 94 839
39 95 244
39 96 740
39 97 825
39 98 433
39 99 494
40 0 844
40 1 747
40 2 736
40 3 967
40 4 204
40 5 978
40 6 259
40 7 224
40 8 1140
40 9 338
40 10 519
40 11 203
40 12 193
40 13 800
40 14 702
40 15 329
40 16 589
40 17 1082
40 18 322
40 19 777
40 20 865
40 21 820
40 22 928
40 23 533
40 24 992
40 25 697
40 26 541
40 27 400
40 28 745
40 29 646
40 30 611
40 31 1035
40 32 1137
40 33 868
40 34 117
40 35 418
40 36 455
40 37 499
40 38 821
40 39 723
40 40 0
40 41 448
40 42 474
40 43 595
40 44 479
40 45 1025
40 46 187
40 47 542
40 48 539
40 49 1062
40 50 901
40 51 834
40 52 758
40 53 656
40 54 584
40 55 689
40 56 976
40 57 348
40 58 647
40 59 630
40 60 377
40 61 624
40 62 218
40 63 363
40 64 209
40 65 92
40 66 835
40 67 347
40 68 298
40 69 613
40 70 995
40 71 109
40 72 745
40 73 290
40 74 598
40 75 896
40 76 359
40 77 262
40 78 553
40 79 743
40 80 791
40 81 692
40 82 774
40 83 851
40 84 268
40 85 354
40 86 460
40 87 851
40 88 138
40 89 987
40 90 962
40 91 691
40 92 796
40 93 1076
40 94 807
40 95 799
40 96 805
40 97 128
40 98 450
40 99 1126
41 0 486
41 1 785
41 2 725
41 3 564
41 4 471
41 5 597
41 6 357
41 7 381
41 8 755
41 9 457
41 10 517
41 11 260
41 12 263
41 13 534
41 14 307
41 15 121
41 16 172
41 17 730
41 18 382
41 19 653
41 20 888
41 21 416
41 22 661
41 23 124
41 24 710
41 25 516
41 26 402
41 27 107
41 28 469
41 29 332
41 30 415
41 31 652
41 32 746
41 33 642
41 34 510
41 35 557
41 36 212
41 37 164
41 38 381
41 39 286
41 40 448
41 41 0
41 42 304
41 43 370
41 44 251
41 45 730
41 46 275
41 47 506
41 48 158
41 49 729
