128
0 0 0
0 1 966
0 2 1513
0 3 2964
0 4 1149
0 5 927
0 6 1611
0 7 1510
0 8 390
0 9 466
0 10 1820
0 11 1718
0 12 504
0 13 1179
0 14 308
0 15 1017
0 16 1167
0 17 3250
0 18 622
0 19 2947
0 20 1240
0 21 244
0 22 601
0 23 1366
0 24 1008
0 25 1190
0 26 315
0 27 326
0 28 2452
0 29 1958
0 30 892
0 31 1031
0 32 530
0 33 2675
0 34 1518
0 35 1648
0 36 1157
0 37 417
0 38 1222
0 39 1583
0 40 1998
0 41 126
0 42 535
0 43 1065
0 44 707
0 45 1807
0 46 844
0 47 435
0 48 1051
0 49 775
0 50 957
0 51 671
0 52 1003
0 53 245
0 54 3014
0 55 2802
0 56 952
0 57 187
0 58 666
0 59 2909
0 60 2174
0 61 675
0 62 1308
0 63 1525
0 64 401
0 65 607
0 66 1336
0 67 1053
0 68 1853
0 69 1881
0 70 640
0 71 88
0 72 859
0 73 216
0 74 1218
0 75 1113
0 76 745
0 77 710
0 78 2038
0 79 2816
0 80 1666
0 81 1742
0 82 996
0 83 1268
0 84 1589
0 85 3010
0 86 1254
0 87 953
0 88 128
0 89 395
0 90 47
0 91 2493
0 92 2355
0 93 130
0 94 1330
0 95 218
0 96 1133
0 97 2269
0 98 3104
0 99 1715
0 100 527
0 101 1328
0 102 1807
0 103 567
0 104 309
0 105 562
0 106 910
0 107 1487
0 108 1540
0 109 1178
0 110 2390
0 111 3005
0 112 2114
0 113 1786
0 114 2072
0 115 1192
0 116 694
0 117 961
0 118 1018
0 119 168
0 120 565
0 121 1700
0 122 1636
0 123 2019
0 124 1458
0 125 1564
0 126 2871
0 127 348
1 0 966
1 1 0
1 2 2410
1 3 1520
1 4 1817
1 5 729
1 6 686
1 7 290
1 8 1823
1 9 168
1 10 2027
1 11 172
1 12 1610
1 13 1500
1 14 1002
1 15 1247
1 16 1550
1 17 2390
1 18 3229
1 19 2890
1 20 2198
1 21 1000
1 22 393
1 23 776
1 24 373
1 25 278
1 26 962
1 27 428
1 28 2645
1 29 1452
1 30 2120
1 31 223
1 32 556
1 33 2505
1 34 1327
1 35 3126
1 36 1461
1 37 862
1 38 1566
1 39 2101
1 40 524
1 41 1872
1 42 661
1 43 1520
1 44 561
1 45 2407
1 46 1439
1 47 460
1 48 870
1 49 287
1 50 534
1 51 291
1 52 981
1 53 796
1 54 3259
1 55 1195
1 56 2986
1 57 805
1 58 829
1 59 2793
1 60 998
1 61 2567
1 62 933
1 63 266
1 64 1132
1 65 996
1 66 735
1 67 335
1 68 2701
1 69 257
1 70 1278
1 71 589
1 72 947
1 73 709
1 74 1425
1 75 127
1 76 1747
1 77 393
1 78 2739
1 79 1078
1 80 1343
1 81 191
1 82 1726
1 83 899
1 84 404
1 85 2547
1 86 1810
1 87 396
1 88 850
1 89 294
1 90 434
1 91 2519
1 92 524
1 93 2297
1 94 1319
1 95 1168
1 96 1351
1 97 1832
1 98 846
1 99 1407
1 100 1293
1 101 1752
1 102 1002
1 103 2152
1 104 436
1 105 361
1 106 1442
1 107 584
1 108 1359
1 109 766
1 110 2836
1 111 737
1 112 1313
1 113 697
1 114 825
1 115 963
1 116 1855
1 117 267
1 118 548
1 119 1127
1 120 432
1 121 2265
1 122 558
1 123 571
1 124 943
1 125 198
1 126 1917
1 127 2541
2 0 1513
2 1 2410
2 2 0
2 3 604
2 4 481
2 5 2742
2 6 1833
2 7 826
2 8 214
2 9 1618
2 10 1712
2 11 567
2 12 544
2 13 1313
2 14 1270
2 15 269
2 16 1432
2 17 1783
2 18 2678
2 19 360
2 20 1725
2 21 2260
2 22 1549
2 23 1016
2 24 253
2 25 1548
2 26 434
2 27 769
2 28 2873
2 29 1484
2 30 572
2 31 2104
2 32 419
2 33 2422
2 34 1461
2 35 542
2 36 2941
2 37 1221
2 38 827
2 39 2351
2 40 820
2 41 486
2 42 1415
2 43 1565
2 44 1085
2 45 1353
2 46 2039
2 47 1620
2 48 1238
2 49 290
2 50 1244
2 51 487
2 52 1146
2 53 736
2 54 2295
2 55 1312
2 56 250
2 57 2969
2 58 182
2 59 2678
2 60 1096
2 61 356
2 62 1299
2 63 914
2 64 189
2 65 726
2 66 516
2 67 323
2 68 1830
2 69 824
2 70 580
2 71 1361
2 72 915
2 73 797
2 74 693
2 75 312
2 76 656
2 77 1046
2 78 2093
2 79 1054
2 80 702
2 81 2894
2 82 847
2 83 1293
2 84 1397
2 85 2885
2 86 1695
2 87 2709
2 88 489
2 89 1160
2 90 341
2 91 2341
2 92 485
2 93 450
2 94 1412
2 95 1157
2 96 681
2 97 1773
2 98 1542
2 99 977
2 100 1918
2 101 722
2 102 591
2 103 966
2 104 1852
2 105 509
2 106 1189
2 107 490
2 108 1081
2 109 779
2 110 1906
2 111 1273
2 112 1566
2 113 2936
2 114 2141
2 115 1277
2 116 606
2 117 1066
2 118 752
2 119 486
2 120 590
2 121 2132
2 122 1095
2 123 2154
2 124 1211
2 125 2217
2 126 2673
2 127 1570
3 0 2964
3 1 1520
3 2 604
3 3 0
3 4 595
3 5 1289
3 6 1446
3 7 466
3 8 1139
3 9 430
3 10 428
3 11 201
3 12 452
3 13 1574
3 14 1068
3 15 255
3 16 965
3 17 1948
3 18 1842
3 19 820
3 20 1600
3 21 1933
3 22 1824
3 23 1128
3 24 305
3 25 958
3 26 1320
3 27 291
3 28 1707
3 29 1799
3 30 692
3 31 1593
3 32 2274
3 33 2359
3 34 943
3 35 975
3 36 1358
3 37 2701
3 38 1229
3 39 2355
3 40 1162
3 41 813
3 42 343
3 43 1049
3 44 1170
3 45 1060
3 46 1021
3 47 2220
3 48 586
3 49 554
3 50 1111
3 51 578
3 52 1354
3 53 939
3 54 2302
3 55 709
3 56 369
3 57 410
3 58 2871
3 59 2838
3 60 1134
3 61 614
3 62 1650
3 63 2790
3 64 532
3 65 796
3 66 1803
3 67 716
3 68 2080
3 69 591
3 70 1460
3 71 492
3 72 2106
3 73 967
3 74 635
3 75 582
3 76 442
3 77 477
3 78 999
3 79 1419
3 80 1403
3 81 1187
3 82 3034
3 83 874
3 84 1952
3 85 3023
3 86 1685
3 87 2612
3 88 2606
3 89 102
3 90 1199
3 91 2444
3 92 90
3 93 411
3 94 1780
3 95 1418
3 96 811
3 97 2787
3 98 1704
3 99 629
3 100 489
3 101 3042
3 102 2112
3 103 441
3 104 691
3 105 2308
3 106 1412
3 107 639
3 108 1253
3 109 187
3 110 3108
3 111 1384
3 112 1567
3 113 808
3 114 864
3 115 980
3 116 1828
3 117 1229
3 118 1861
3 119 861
3 120 499
3 121 1408
3 122 986
3 123 2719
3 124 1437
3 125 769
3 126 1038
3 127 2343
4 0 1149
4 1 1817
4 2 481
4 3 595
4 4 0
4 5 494
4 6 550
4 7 2641
4 8 765
4 9 934
4 10 1813
4 11 1516
4 12 378
4 13 1363
4 14 1344
4 15 1513
4 16 1249
4 17 2487
4 18 1850
4 19 1192
4 20 708
4 21 1360
4 22 1351
4 23 2999
4 24 1178
4 25 1198
4 26 730
4 27 1127
4 28 2691
4 29 921
4 30 934
4 31 1578
4 32 1110
4 33 409
4 34 1238
4 35 712
4 36 1839
4 37 1014
4 38 2402
4 39 1105
4 40 387
4 41 1157
4 42 1047
4 43 1064
4 44 882
4 45 997
4 46 881
4 47 1180
4 48 1186
4 49 1344
4 50 1383
4 51 443
4 52 1414
4 53 1109
4 54 2352
4 55 1379
4 56 714
4 57 507
4 58 1072
4 59 818
4 60 929
4 61 740
4 62 1633
4 63 324
4 64 2397
4 65 695
4 66 551
4 67 809
4 68 2462
4 69 211
4 70 561
4 71 1407
4 72 678
4 73 1898
4 74 1275
4 75 670
4 76 1087
4 77 549
4 78 2152
4 79 1915
4 80 769
4 81 1220
4 82 1024
4 83 2142
4 84 1251
4 85 1325
4 86 2063
4 87 2584
4 88 2518
4 89 2916
4 90 55
4 91 1545
4 92 213
4 93 54
4 94 1741
4 95 1618
4 96 1731
4 97 2845
4 98 374
4 99 734
4 100 712
4 101 839
4 102 1258
4 103 2134
4 104 196
4 105 1245
4 106 3213
4 107 75
4 108 944
4 109 749
4 110 2203
4 111 103
4 112 1217
4 113 576
4 114 1526
4 115 2056
4 116 291
4 117 1205
4 118 216
4 119 1994
4 120 324
4 121 2187
4 122 260
4 123 2586
4 124 1974
4 125 2352
4 126 2243
4 127 691
5 0 927
5 1 729
5 2 2742
5 3 1289
5 4 494
5 5 0
5 6 1279
5 7 1197
5 8 2956
5 9 299
5 10 888
5 11 491
5 12 1408
5 13 1432
5 14 1360
5 15 327
5 16 2375
5 17 2595
5 18 2717
5 19 1097
5 20 841
5 21 468
5 22 1909
5 23 2698
5 24 2007
5 25 1034
5 26 970
5 27 537
5 28 1344
5 29 1703
5 30 463
5 31 1893
5 32 1067
5 33 2705
5 34 1265
5 35 961
5 36 808
5 37 1497
5 38 285
5 39 819
5 40 1356
5 41 483
5 42 1362
5 43 2101
5 44 701
5 45 2384
5 46 952
5 47 1006
5 48 232
5 49 1944
5 50 740
5 51 751
5 52 1400
5 53 1226
5 54 1919
5 55 453
5 56 819
5 57 715
5 58 1172
5 59 2595
5 60 1900
5 61 392
5 62 1573
5 63 367
5 64 542
5 65 1942
5 66 1151
5 67 512
5 68 1171
5 69 593
5 70 839
5 71 473
5 72 1619
5 73 711
5 74 704
5 75 883
5 76 1174
5 77 386
5 78 2360
5 79 1503
5 80 344
5 81 1528
5 82 413
5 83 903
5 84 3288
5 85 2947
5 86 590
5 87 2962
5 88 2481
5 89 2564
5 90 2955
5 91 2502
5 92 877
5 93 152
5 94 1374
5 95 1579
5 96 762
5 97 565
5 98 448
5 99 1398
5 100 916
5 101 1972
5 102 1266
5 103 973
5 104 1911
5 105 757
5 106 2133
5 107 1766
5 108 1468
5 109 548
5 110 1747
5 111 836
5 112 2217
5 113 1367
5 114 2127
5 115 367
5 116 2719
5 117 1246
5 118 1647
5 119 120
5 120 1429
5 121 1526
5 122 928
5 123 1791
5 124 1865
5 125 2917
5 126 543
5 127 1943
6 0 1611
6 1 686
6 2 1833
6 3 1446
6 4 550
6 5 1279
6 6 0
6 7 250
6 8 1500
6 9 2749
6 10 2035
6 11 832
6 12 240
6 13 1252
6 14 1220
6 15 589
6 16 1160
6 17 1009
6 18 2898
6 19 605
6 20 1138
6 21 757
6 22 1058
6 23 1473
6 24 1714
6 25 3164
6 26 719
6 27 777
6 28 1926
6 29 1043
6 30 811
6 31 1144
6 32 1382
6 33 2898
6 34 1225
6 35 2773
6 36 1700
6 37 493
6 38 326
6 39 1856
6 40 2772
6 41 1230
6 42 1018
6 43 2416
6 44 1501
6 45 1519
6 46 1935
6 47 1053
6 48 647
6 49 893
6 50 1135
6 51 1056
6 52 1130
6 53 1193
6 54 2620
6 55 1196
6 56 821
6 57 929
6 58 744
6 59 2840
6 60 1223
6 61 2548
6 62 1579
6 63 505
6 64 624
6 65 1149
6 66 3062
6 67 375
6 68 2223
6 69 983
6 70 1221
6 71 788
6 72 434
6 73 1712
6 74 1180
6 75 1814
6 76 760
6 77 474
6 78 1656
6 79 1417
6 80 885
6 81 1993
6 82 1111
6 83 1147
6 84 1259
6 85 876
6 86 1954
6 87 1365
6 88 2859
6 89 2791
6 90 2538
6 91 1198
6 92 579
6 93 806
6 94 1477
6 95 1212
6 96 788
6 97 3031
6 98 2577
6 99 1456
6 100 976
6 101 2190
6 102 1200
6 103 1379
6 104 1227
6 105 2381
6 106 1623
6 107 1010
6 108 3096
6 109 696
6 110 2047
6 111 1339
6 112 1379
6 113 783
6 114 1042
6 115 1148
6 116 446
6 117 1930
6 118 668
6 119 1815
6 120 646
6 121 342
6 122 273
6 123 2580
6 124 861
6 125 2784
6 126 249
6 127 246
7 0 1510
7 1 290
7 2 826
7 3 466
7 4 2641
7 5 1197
7 6 250
7 7 0
7 8 637
7 9 1305
7 10 1061
7 11 369
7 12 724
7 13 1246
7 14 944
7 15 203
7 16 718
7 17 2697
7 18 1473
7 19 904
7 20 805
7 21 1023
7 22 572
7 23 471
7 24 1538
7 25 2880
7 26 2936
7 27 976
7 28 1718
7 29 1096
7 30 836
7 31 1842
7 32 890
7 33 3126
7 34 1418
7 35 1039
7 36 2688
7 37 1356
7 38 758
7 39 1686
7 40 239
7 41 2646
7 42 891
7 43 1879
7 44 1816
7 45 315
7 46 1247
7 47 2116
7 48 773
7 49 719
7 50 314
7 51 1656
7 52 1715
7 53 1033
7 54 2282
7 55 249
7 56 1091
7 57 732
7 58 1388
7 59 2222
7 60 1430
7 61 944
7 62 1441
7 63 447
7 64 694
7 65 972
7 66 208
7 67 2088
7 68 1575
7 69 346
7 70 522
7 71 1170
7 72 922
7 73 376
7 74 2095
7 75 627
7 76 2444
7 77 513
7 78 1573
7 79 1229
7 80 1081
7 81 1612
7 82 2070
7 83 1258
7 84 557
7 85 1983
7 86 1549
7 87 2853
7 88 1271
7 89 3040
7 90 2830
7 91 466
7 92 2554
7 93 505
7 94 728
7 95 1315
7 96 735
7 97 3057
7 98 105
7 99 917
7 100 1047
7 101 995
7 102 1249
7 103 935
7 104 1079
7 105 789
7 106 3286
7 107 599
7 108 1821
7 109 2495
7 110 1934
7 111 1086
7 112 836
7 113 837
7 114 2244
7 115 418
7 116 1170
7 117 633
7 118 2725
7 119 577
7 120 1336
7 121 2337
7 122 1294
7 123 1917
7 124 1807
7 125 1989
7 126 345
7 127 413
8 0 390
8 1 1823
8 2 214
8 3 1139
8 4 765
8 5 2956
8 6 1500
8 7 637
8 8 0
8 9 345
8 10 663
8 11 2647
8 12 843
8 13 1044
8 14 1192
8 15 1311
8 16 1048
8 17 2904
8 18 2981
8 19 2015
8 20 913
8 21 565
8 22 880
8 23 1404
8 24 700
8 25 1366
8 26 2652
8 27 2760
8 28 2796
8 29 1226
8 30 278
8 31 1266
8 32 1361
8 33 1960
8 34 1646
8 35 782
8 36 282
8 37 2448
8 38 134
8 39 1702
8 40 750
8 41 230
8 42 2219
8 43 1664
8 44 1516
8 45 247
8 46 561
8 47 1380
8 48 1239
8 49 766
8 50 385
8 51 602
8 52 2078
8 53 1470
8 54 2903
8 55 684
8 56 1054
8 57 1151
8 58 525
8 59 1865
8 60 432
8 61 1102
8 62 1591
8 63 2787
8 64 514
8 65 880
8 66 821
8 67 865
8 68 914
8 69 333
8 70 982
8 71 464
8 72 1103
8 73 983
8 74 1133
8 75 1628
8 76 649
8 77 1743
8 78 2176
8 79 1280
8 80 483
8 81 1553
8 82 1069
8 83 1355
8 84 1283
8 85 2472
8 86 885
8 87 1199
8 88 2750
8 89 1342
8 90 3014
8 91 840
8 92 2537
8 93 2562
8 94 1835
8 95 510
8 96 829
8 97 2831
8 98 58
8 99 1739
8 100 1427
8 101 1069
8 102 1929
8 103 952
8 104 798
8 105 1535
8 106 547
8 107 2084
8 108 1382
8 109 1432
8 110 560
8 111 1309
8 112 1028
8 113 1204
8 114 1339
8 115 1083
8 116 1098
8 117 1388
8 118 629
8 119 2858
8 120 785
8 121 827
8 122 1197
8 123 725
8 124 1127
8 125 2778
8 126 1071
8 127 405
9 0 466
9 1 168
9 2 1618
9 3 430
9 4 934
9 5 299
9 6 2749
9 7 1305
9 8 345
9 9 0
9 10 1481
9 11 1203
9 12 2539
9 13 1848
9 14 748
9 15 416
9 16 2175
9 17 2589
9 18 3128
9 19 828
9 20 848
9 21 673
9 22 1155
9 23 1634
9 24 537
9 25 512
9 26 1051
9 27 2459
9 28 500
9 29 1005
9 30 518
9 31 1257
9 32 1138
9 33 2944
9 34 500
9 35 1097
9 36 389
9 37 189
9 38 2001
9 39 1540
9 40 483
9 41 744
9 42 522
9 43 1841
9 44 1003
9 45 951
9 46 731
9 47 373
9 48 575
9 49 1848
9 50 431
9 51 438
9 52 1242
9 53 1833
9 54 1562
9 55 251
9 56 1075
9 57 907
9 58 1231
9 59 2386
9 60 997
9 61 391
9 62 1836
9 63 748
9 64 2405
9 65 1114
9 66 988
9 67 842
9 68 2546
9 69 2242
9 70 441
9 71 931
9 72 976
9 73 1224
9 74 1474
9 75 292
9 76 1237
9 77 257
9 78 295
9 79 642
9 80 529
9 81 1307
9 82 855
9 83 1357
9 84 2296
9 85 1805
9 86 1272
9 87 1784
9 88 1220
9 89 2964
9 90 1316
9 91 521
9 92 2429
9 93 2464
9 94 1272
9 95 1673
9 96 623
9 97 2934
9 98 358
9 99 1752
9 100 1234
9 101 2504
9 102 2025
9 103 1817
9 104 840
9 105 1294
9 106 2440
9 107 1333
9 108 2775
9 109 944
9 110 1140
9 111 3110
9 112 1209
9 113 899
9 114 883
9 115 180
9 116 394
9 117 152
9 118 624
9 119 688
9 120 2293
9 121 2471
9 122 1433
9 123 2797
9 124 973
9 125 2115
9 126 281
9 127 723
10 0 1820
10 1 2027
10 2 1712
10 3 428
10 4 1813
10 5 888
10 6 2035
10 7 1061
10 8 663
10 9 1481
10 10 0
10 11 239
10 12 1071
10 13 1887
10 14 1618
10 15 627
10 16 760
10 17 1394
10 18 2880
10 19 386
10 20 1015
10 21 1056
10 22 1263
10 23 738
10 24 833
10 25 1527
10 26 268
10 27 1321
10 28 238
10 29 2026
10 30 722
10 31 1349
10 32 800
10 33 1597
10 34 1464
10 35 1168
10 36 201
10 37 207
10 38 1318
10 39 418
10 40 658
10 41 380
10 42 603
10 43 1337
10 44 1701
10 45 1511
10 46 1167
10 47 296
10 48 932
10 49 1093
10 50 1622
10 51 541
10 52 707
10 53 997
10 54 1666
10 55 1765
10 56 791
10 57 1017
10 58 391
10 59 1777
10 60 479
10 61 1032
10 62 952
10 63 867
10 64 812
10 65 2149
10 66 228
10 67 821
10 68 2644
10 69 667
10 70 1745
10 71 475
10 72 1086
10 73 768
10 74 1856
10 75 899
10 76 614
10 77 1289
10 78 2148
10 79 2521
10 80 1024
10 81 1358
10 82 1395
10 83 1310
10 84 1194
10 85 1354
10 86 605
10 87 2171
10 88 1681
10 89 905
10 90 2938
10 91 1221
10 92 2873
10 93 2437
10 94 1659
10 95 1425
10 96 771
10 97 2035
10 98 236
10 99 1442
10 100 1252
10 101 629
10 102 703
10 103 1875
10 104 1594
10 105 1313
10 106 2124
10 107 1238
10 108 837
10 109 2568
10 110 1645
10 111 2030
10 112 1658
10 113 1292
10 114 1183
10 115 456
10 116 550
10 117 1349
10 118 1156
10 119 696
10 120 293
10 121 701
10 122 1214
10 123 1225
10 124 2076
10 125 923
10 126 804
10 127 272
11 0 1718
11 1 172
11 2 567
11 3 201
11 4 1516
11 5 491
11 6 832
11 7 369
11 8 2647
11 9 1203
11 10 239
11 11 0
11 12 353
11 13 724
11 14 1774
11 15 605
11 16 1515
11 17 2690
11 18 1858
11 19 703
11 20 1222
11 21 775
11 22 534
11 23 234
11 24 795
11 25 1757
11 26 1285
11 27 198
11 28 3156
11 29 2152
11 30 2347
11 31 1038
11 32 1000
11 33 2179
11 34 195
11 35 1191
11 36 1005
11 37 458
11 38 1350
11 39 2115
11 40 2416
11 41 620
11 42 585
11 43 1009
11 44 974
11 45 2991
11 46 852
11 47 1200
11 48 1247
11 49 271
11 50 136
11 51 1684
11 52 589
11 53 462
11 54 2095
11 55 2365
11 56 1552
11 57 624
11 58 815
11 59 2654
11 60 646
11 61 206
11 62 927
11 63 595
11 64 1019
11 65 865
11 66 3026
11 67 829
11 68 2661
11 69 803
11 70 1305
11 71 1699
11 72 1053
11 73 1172
11 74 470
11 75 1218
11 76 682
11 77 115
11 78 2996
11 79 843
11 80 1048
11 81 720
11 82 1483
11 83 810
11 84 980
11 85 1822
11 86 827
11 87 1504
11 88 2068
11 89 1991
11 90 870
11 91 456
11 92 1347
11 93 2815
11 94 1222
11 95 1666
11 96 2414
11 97 3040
11 98 1123
11 99 1545
11 100 1020
11 101 664
11 102 2028
11 103 483
11 104 1652
11 105 2137
11 106 2121
11 107 1208
11 108 2310
11 109 749
11 110 185
11 111 1520
11 112 423
11 113 3041
11 114 1070
11 115 296
11 116 1053
11 117 446
11 118 771
11 119 1265
11 120 898
11 121 1860
11 122 2158
11 123 2866
11 124 1433
11 125 2995
11 126 1948
11 127 457
12 0 504
12 1 1610
12 2 544
12 3 452
12 4 378
12 5 1408
12 6 240
12 7 724
12 8 843
12 9 2539
12 10 1071
12 11 353
12 12 0
12 13 1284
12 14 416
12 15 2442
12 16 1459
12 17 1765
12 18 2935
12 19 1815
12 20 907
12 21 982
12 22 1365
12 23 1795
12 24 905
12 25 750
12 26 1489
12 27 1165
12 28 2383
12 29 1330
12 30 2176
12 31 2114
12 32 586
12 33 1971
12 34 699
12 35 1539
12 36 83
12 37 765
12 38 1665
12 39 2291
12 40 943
12 41 2290
12 42 380
12 43 1642
12 44 857
12 45 1236
12 46 2370
12 47 1228
12 48 1130
12 49 504
12 50 1086
12 51 807
12 52 2579
12 53 344
12 54 2552
12 55 1311
12 56 1916
12 57 1654
12 58 69
12 59 2473
12 60 747
12 61 878
12 62 1127
12 63 1064
12 64 202
12 65 1110
12 66 1230
12 67 2178
12 68 2477
12 69 831
12 70 1399
12 71 1254
12 72 1913
12 73 1030
12 74 1617
12 75 678
12 76 721
12 77 558
12 78 2125
12 79 229
12 80 869
12 81 2599
12 82 898
12 83 779
12 84 1636
12 85 2030
12 86 622
12 87 1394
12 88 1401
12 89 2378
12 90 1974
12 91 2373
12 92 2764
12 93 1217
12 94 1933
12 95 1308
12 96 1801
12 97 1045
12 98 160
12 99 646
12 100 1123
12 101 979
12 102 2054
12 103 2141
12 104 736
12 105 2195
12 106 3003
12 107 1313
12 108 1327
12 109 1722
12 110 2937
12 111 3183
12 112 640
12 113 1865
12 114 969
12 115 343
12 116 800
12 117 402
12 118 626
12 119 663
12 120 728
12 121 2318
12 122 504
12 123 139
12 124 2093
12 125 1423
12 126 369
12 127 1618
13 0 1179
13 1 1500
13 2 1313
13 3 1574
13 4 1363
13 5 1432
13 6 1252
13 7 1246
13 8 1044
13 9 1848
13 10 1887
13 11 724
13 12 1284
13 13 0
13 14 1054
13 15 998
13 16 3280
13 17 2912
13 18 2213
13 19 413
13 20 646
13 21 667
13 22 1572
13 23 358
13 24 857
13 25 285
13 26 435
13 27 1395
13 28 1650
13 29 1287
13 30 1082
13 31 2334
13 32 2361
13 33 3136
13 34 491
13 35 990
13 36 1363
13 37 444
13 38 884
13 39 2521
13 40 828
13 41 909
13 42 1833
13 43 962
13 44 1046
13 45 1747
13 46 1057
13 47 2708
13 48 659
13 49 913
13 50 1430
13 51 445
13 52 1026
13 53 2334
13 54 2678
13 55 1106
13 56 1002
13 57 2064
13 58 1800
13 59 2922
13 60 462
13 61 348
13 62 488
13 63 454
13 64 868
13 65 405
13 66 1327
13 67 885
13 68 325
13 69 598
13 70 1393
13 71 1326
13 72 1427
13 73 1705
13 74 1028
13 75 1088
13 76 1340
13 77 951
13 78 2375
13 79 1127
13 80 1844
13 81 951
13 82 2739
13 83 400
13 84 1724
13 85 1762
13 86 830
13 87 1521
13 88 1300
13 89 1711
13 90 2417
13 91 669
13 92 1310
13 93 2706
13 94 1073
13 95 1936
13 96 2236
13 97 1021
13 98 2879
13 99 1748
13 100 227
13 101 958
13 102 1983
13 103 2167
13 104 1841
13 105 230
13 106 3061
13 107 1901
13 108 1174
13 109 1481
13 110 668
13 111 458
13 112 1252
13 113 1340
13 114 402
13 115 2146
13 116 1023
13 117 487
13 118 994
13 119 721
13 120 888
13 121 1384
13 122 1400
13 123 2251
13 124 1597
13 125 3064
13 126 1879
13 127 533
14 0 308
14 1 1002
14 2 1270
14 3 1068
14 4 1344
14 5 1360
14 6 1220
14 7 944
14 8 1192
14 9 748
14 10 1618
14 11 1774
14 12 416
14 13 1054
14 14 0
14 15 85
14 16 1794
14 17 117
14 18 3213
14 19 1155
14 20 1008
14 21 854
14 22 1257
14 23 791
14 24 1007
14 25 2003
14 26 210
14 27 465
14 28 1763
14 29 471
14 30 424
14 31 1330
14 32 2457
14 33 710
14 34 1658
14 35 1230
14 36 773
14 37 1123
14 38 1569
14 39 1367
14 40 1143
14 41 891
14 42 1126
14 43 1457
14 44 667
14 45 799
14 46 1524
14 47 1182
14 48 2032
14 49 960
14 50 782
14 51 760
14 52 1056
14 53 781
14 54 680
14 55 1125
14 56 479
14 57 1104
14 58 2400
14 59 1329
14 60 1030
14 61 496
14 62 1395
14 63 1082
14 64 127
14 65 374
14 66 937
14 67 1106
14 68 2695
14 69 2206
14 70 1236
14 71 1305
14 72 918
14 73 1525
14 74 1291
14 75 931
14 76 836
14 77 639
14 78 2757
14 79 520
14 80 789
14 81 106
14 82 911
14 83 1847
14 84 1198
14 85 1808
14 86 896
14 87 1732
14 88 1418
14 89 1371
14 90 1750
14 91 809
14 92 1695
14 93 1236
14 94 1795
14 95 869
14 96 2252
14 97 641
14 98 2622
14 99 1516
14 100 1243
14 101 1462
14 102 2077
14 103 1861
14 104 1867
14 105 2297
14 106 709
14 107 2031
14 108 2458
14 109 1485
14 110 1603
14 111 2337
14 112 2001
14 113 2932
14 114 783
14 115 1098
14 116 2824
14 117 80
14 118 726
14 119 1127
14 120 211
14 121 2574
14 122 262
14 123 2748
14 124 1391
14 125 131
14 126 328
14 127 1581
15 0 1017
15 1 1247
15 2 269
15 3 255
15 4 1513
15 5 327
15 6 589
15 7 203
15 8 1311
15 9 416
15 10 627
15 11 605
15 12 2442
15 13 998
15 14 85
15 15 0
15 16 1252
15 17 1461
15 18 505
15 19 1127
15 20 111
15 21 768
15 22 394
15 23 425
15 24 1214
15 25 206
15 26 1775
15 27 172
15 28 2480
15 29 204
15 30 627
15 31 1428
15 32 921
15 33 246
15 34 1745
15 35 63
15 36 1013
15 37 533
15 38 1040
15 39 2354
15 40 861
15 41 1206
15 42 1246
15 43 2180
15 44 1300
15 45 1653
15 46 501
15 47 1657
15 48 701
15 49 2440
15 50 1180
15 51 770
15 52 1349
15 53 919
15 54 2263
15 55 2300
15 56 388
15 57 590
15 58 1346
15 59 848
15 60 1166
15 61 365
15 62 1214
15 63 549
15 64 689
15 65 696
15 66 1580
15 67 143
15 68 2940
15 69 938
15 70 1603
15 71 1185
15 72 765
15 73 1089
15 74 1940
15 75 1688
15 76 1002
15 77 747
15 78 1451
15 79 333
15 80 1179
15 81 1236
15 82 976
15 83 646
15 84 2993
15 85 2305
15 86 979
15 87 1802
15 88 1626
15 89 1728
15 90 1345
15 91 1010
15 92 2016
15 93 1637
15 94 2277
15 95 1818
15 96 554
15 97 377
15 98 2754
15 99 1084
15 100 1925
15 101 635
15 102 1171
15 103 1964
15 104 1638
15 105 2323
15 106 3202
15 107 778
15 108 2450
15 109 2324
15 110 1765
15 111 2021
15 112 819
15 113 261
15 114 1042
15 115 652
15 116 1744
15 117 1883
15 118 1081
15 119 859
15 120 562
15 121 1673
15 122 1283
15 123 1767
15 124 2249
15 125 2449
15 126 2812
15 127 558
16 0 1167
16 1 1550
16 2 1432
16 3 965
16 4 1249
16 5 2375
16 6 1160
16 7 718
16 8 1048
16 9 2175
16 10 760
16 11 1515
16 12 1459
16 13 3280
16 14 1794
16 15 1252
16 16 0
16 17 2358
16 18 1752
16 19 2920
16 20 1230
16 21 170
16 22 1358
16 23 1574
16 24 899
16 25 672
16 26 109
16 27 1582
16 28 2588
16 29 1174
16 30 854
16 31 694
16 32 945
16 33 3496
16 34 1272
16 35 2903
16 36 1094
16 37 773
16 38 980
16 39 1184
16 40 1194
16 41 735
16 42 1488
16 43 2300
16 44 1580
16 45 2738
16 46 1363
16 47 626
16 48 835
16 49 895
16 50 2441
16 51 904
16 52 233
16 53 1232
16 54 2613
16 55 1515
16 56 2316
16 57 499
16 58 1065
16 59 1745
16 60 1824
16 61 1447
16 62 1663
16 63 744
16 64 414
16 65 244
16 66 677
16 67 622
16 68 1970
16 69 1145
16 70 1426
16 71 1686
16 72 1431
16 73 979
16 74 2019
16 75 1441
16 76 2355
16 77 593
16 78 2518
16 79 1625
16 80 1572
16 81 636
16 82 970
16 83 1000
16 84 1159
16 85 945
16 86 1383
16 87 1848
16 88 1708
16 89 1936
16 90 1767
16 91 1472
16 92 1415
16 93 2024
16 94 821
16 95 2059
16 96 2176
16 97 1759
16 98 3098
16 99 1298
16 100 1526
16 101 3235
16 102 2037
16 103 1065
16 104 1741
16 105 2181
16 106 3228
16 107 2000
16 108 1035
16 109 2382
16 110 435
16 111 2018
16 112 320
16 113 2268
16 114 2073
16 115 2234
16 116 1234
16 117 998
16 118 2830
16 119 1190
16 120 308
16 121 1138
16 122 414
16 123 2969
16 124 709
16 125 2946
16 126 624
16 127 2482
17 0 3250
17 1 2390
17 2 1783
17 3 1948
17 4 2487
17 5 2595
17 6 1009
17 7 2697
17 8 2904
17 9 2589
17 10 1394
17 11 2690
17 12 1765
17 13 2912
17 14 117
17 15 1461
17 16 2358
17 17 0
17 18 2659
17 19 1434
17 20 1777
17 21 990
17 22 433
17 23 715
17 24 658
17 25 373
17 26 357
17 27 305
17 28 1002
17 29 1540
17 30 375
17 31 411
17 32 705
17 33 2636
17 34 2018
17 35 2880
17 36 2996
17 37 799
17 38 1166
17 39 1620
17 40 1207
17 41 1160
17 42 564
17 43 2542
17 44 1700
17 45 354
17 46 2117
17 47 1514
17 48 477
17 49 1370
17 50 240
17 51 2383
17 52 1881
17 53 82
17 54 2853
17 55 373
17 56 864
17 57 2376
17 58 1002
17 59 2224
17 60 836
17 61 2047
17 62 278
17 63 319
17 64 412
17 65 983
17 66 1420
17 67 394
17 68 2058
17 69 188
17 70 1671
17 71 1338
17 72 2350
17 73 1490
17 74 1980
17 75 1123
17 76 1045
17 77 1920
17 78 1870
17 79 331
17 80 126
17 81 499
17 82 754
17 83 981
17 84 1380
17 85 2151
17 86 1370
17 87 2282
17 88 1754
17 89 1779
17 90 1975
17 91 1094
17 92 1376
17 93 1357
17 94 832
17 95 801
17 96 926
17 97 250
17 98 1400
17 99 1435
17 100 1771
17 101 2279
17 102 1629
17 103 2150
17 104 842
17 105 2284
17 106 3047
17 107 2026
17 108 2851
17 109 194
17 110 509
17 111 2900
17 112 538
17 113 1575
17 114 196
17 115 929
17 116 2897
17 117 587
17 118 1685
17 119 2963
17 120 653
17 121 1438
17 122 653
17 123 2064
17 124 2170
17 125 1965
17 126 945
17 127 280
18 0 622
18 1 3229
18 2 2678
18 3 1842
18 4 1850
18 5 2717
18 6 2898
18 7 1473
18 8 2981
18 9 3128
18 10 2880
18 11 1858
18 12 2935
18 13 2213
18 14 3213
18 15 505
18 16 1752
18 17 2659
18 18 0
18 19 899
18 20 509
18 21 1985
18 22 1580
18 23 935
18 24 1000
18 25 1801
18 26 73
18 27 663
18 28 2690
18 29 1507
18 30 677
18 31 1288
18 32 511
18 33 2029
18 34 1156
18 35 386
18 36 2695
18 37 2746
18 38 871
18 39 1558
18 40 750
18 41 1081
18 42 1365
18 43 1552
18 44 1942
18 45 169
18 46 558
18 47 2455
18 48 612
18 49 339
18 50 418
18 51 614
18 52 3353
18 53 1674
18 54 3035
18 55 51
18 56 694
18 57 1017
18 58 2371
18 59 2295
18 60 791
18 61 993
18 62 977
18 63 1651
18 64 549
18 65 824
18 66 475
18 67 381
18 68 2027
18 69 859
18 70 715
18 71 1583
18 72 682
18 73 2142
18 74 1871
18 75 1021
18 76 476
18 77 1100
18 78 848
18 79 973
18 80 1349
18 81 1701
18 82 516
18 83 539
18 84 1163
18 85 3125
18 86 1126
18 87 1265
18 88 2179
18 89 1825
18 90 1753
18 91 1035
18 92 1398
18 93 1246
18 94 471
18 95 895
18 96 1212
18 97 2928
18 98 3022
18 99 481
18 100 1945
18 101 3009
18 102 535
18 103 1105
18 104 1850
18 105 1385
18 106 3150
18 107 1955
18 108 2812
18 109 2484
18 110 2399
18 111 2958
18 112 902
18 113 1512
18 114 1097
18 115 1388
18 116 441
18 117 2108
18 118 1167
18 119 1818
18 120 2398
18 121 1412
18 122 569
18 123 1608
18 124 1293
18 125 3166
18 126 1208
18 127 1012
19 0 2947
19 1 2890
19 2 360
19 3 820
19 4 1192
19 5 1097
19 6 605
19 7 904
19 8 2015
19 9 828
19 10 386
19 11 703
19 12 1815
19 13 413
19 14 1155
19 15 1127
19 16 2920
19 17 1434
19 18 899
19 19 0
19 20 676
19 21 551
19 22 1403
19 23 302
19 24 212
19 25 636
19 26 1573
19 27 273
19 28 2897
19 29 1593
19 30 1300
19 31 1681
19 32 800
19 33 2164
19 34 767
19 35 883
19 36 1439
19 37 2455
19 38 2088
19 39 2378
19 40 950
19 41 624
19 42 702
19 43 2419
19 44 901
19 45 146
19 46 751
19 47 195
19 48 1657
19 49 1227
19 50 622
19 51 1084
19 52 741
19 53 3108
19 54 1430
19 55 1120
19 56 989
19 57 557
19 58 1524
19 59 637
19 60 917
19 61 759
19 62 675
19 63 2197
19 64 1258
19 65 1156
19 66 910
19 67 670
19 68 1619
19 69 148
19 70 874
19 71 627
19 72 927
19 73 896
19 74 1029
19 75 1406
19 76 323
19 77 999
19 78 2841
19 79 2884
19 80 958
19 81 485
19 82 1663
19 83 866
19 84 1072
19 85 2050
19 86 2165
19 87 2025
19 88 1286
19 89 2322
19 90 1799
19 91 786
19 92 1574
19 93 1374
19 94 1397
19 95 414
19 96 1876
19 97 1159
19 98 963
19 99 1326
19 100 367
19 101 3025
19 102 1366
19 103 748
19 104 1390
19 105 2306
19 106 2251
19 107 2049
19 108 2502
19 109 2510
19 110 94
19 111 606
19 112 892
19 113 2615
19 114 1301
19 115 1217
19 116 2051
19 117 1195
19 118 2793
19 119 1300
19 120 1253
19 121 1003
19 122 227
19 123 1908
19 124 1095
19 125 2262
19 126 431
19 127 861
20 0 1240
20 1 2198
20 2 1725
20 3 1600
20 4 708
20 5 841
20 6 1138
20 7 805
20 8 913
20 9 848
20 10 1015
20 11 1222
20 12 907
20 13 646
20 14 1008
20 15 111
20 16 1230
20 17 1777
20 18 509
20 19 676
20 20 0
20 21 436
20 22 156
20 23 2750
20 24 1222
20 25 1117
20 26 321
20 27 1380
20 28 2582
20 29 1308
20 30 751
20 31 1707
20 32 1198
20 33 2733
20 34 1075
20 35 1164
20 36 462
20 37 1146
20 38 2186
20 39 645
20 40 415
20 41 824
20 42 754
20 43 1521
20 44 1819
20 45 1055
20 46 932
20 47 509
20 48 1011
20 49 2187
20 50 270
20 51 58
20 52 1144
20 53 496
20 54 175
20 55 1410
20 56 168
20 57 842
20 58 316
20 59 1826
20 60 1575
20 61 793
20 62 1129
20 63 1193
20 64 1858
20 65 727
20 66 197
20 67 489
20 68 2295
20 69 638
20 70 786
20 71 786
20 72 727
20 73 1141
20 74 1998
20 75 2083
20 76 1168
20 77 934
20 78 2939
20 79 42
20 80 1262
20 81 1051
20 82 751
20 83 1265
20 84 920
20 85 2460
20 86 841
20 87 3064
20 88 1922
20 89 971
20 90 2296
20 91 837
20 92 1750
20 93 1582
20 94 344
20 95 1193
20 96 1167
20 97 950
20 98 1954
20 99 1824
20 100 1837
20 101 1327
20 102 1224
20 103 857
20 104 888
20 105 1242
20 106 3211
20 107 1179
20 108 2605
20 109 2368
20 110 127
20 111 3099
20 112 1511
20 113 2673
20 114 859
20 115 1237
20 116 1735
20 117 1262
20 118 434
20 119 2961
20 120 742
20 121 497
20 122 2028
20 123 1795
20 124 1344
20 125 1806
20 126 657
20 127 661
21 0 244
21 1 1000
21 2 2260
21 3 1933
21 4 1360
21 5 468
21 6 757
21 7 1023
21 8 565
21 9 673
21 10 1056
21 11 775
21 12 982
21 13 667
21 14 854
21 15 768
21 16 170
21 17 990
21 18 1985
21 19 551
21 20 436
21 21 0
21 22 1026
21 23 1306
21 24 1766
21 25 98
21 26 889
21 27 563
21 28 1387
21 29 1427
21 30 827
21 31 1687
21 32 1663
21 33 2841
21 34 1253
21 35 1053
21 36 1401
21 37 69
21 38 1206
21 39 648
21 40 2557
21 41 511
21 42 869
21 43 1772
21 44 860
21 45 322
21 46 591
21 47 497
21 48 1131
21 49 268
21 50 2040
21 51 941
21 52 945
21 53 899
21 54 2536
21 55 2890
21 56 1596
21 57 328
21 58 178
21 59 2639
21 60 1133
21 61 2029
21 62 1255
21 63 741
21 64 804
21 65 1262
21 66 1989
21 67 872
21 68 1957
21 69 414
21 70 353
21 71 735
21 72 73
21 73 781
21 74 2243
21 75 985
21 76 2763
21 77 1065
21 78 2956
21 79 691
21 80 1691
21 81 2960
21 82 1191
21 83 618
21 84 1889
21 85 2853
21 86 1434
21 87 1758
21 88 2961
21 89 2168
21 90 936
21 91 201
21 92 1830
21 93 1654
21 94 390
21 95 326
21 96 583
21 97 1500
21 98 2341
21 99 274
21 100 1415
21 101 2949
21 102 758
21 103 1001
21 104 1166
21 105 387
21 106 1467
21 107 2009
21 108 1706
21 109 2471
21 110 419
21 111 3125
21 112 1328
21 113 624
21 114 989
21 115 2035
21 116 1732
21 117 1180
21 118 2057
21 119 306
21 120 2439
21 121 1023
21 122 1226
21 123 537
21 124 784
21 125 2106
21 126 1105
21 127 322
22 0 601
22 1 393
22 2 1549
22 3 1824
22 4 1351
22 5 1909
22 6 1058
22 7 572
22 8 880
22 9 1155
22 10 1263
22 11 534
22 12 1365
22 13 1572
22 14 1257
22 15 394
22 16 1358
22 17 433
22 18 1580
22 19 1403
22 20 156
22 21 1026
22 22 0
22 23 386
22 24 298
22 25 2932
22 26 408
22 27 696
22 28 2683
22 29 1415
22 30 620
22 31 1366
22 32 1176
22 33 1255
22 34 1361
22 35 655
22 36 1631
22 37 1086
22 38 1153
22 39 2738
22 40 2526
22 41 2486
22 42 1046
22 43 1822
22 44 1146
22 45 1413
22 46 673
22 47 772
22 48 1373
22 49 461
22 50 1182
22 51 2102
22 52 1144
22 53 738
22 54 2366
22 55 1307
22 56 3074
22 57 1577
22 58 993
22 59 2889
22 60 740
22 61 1168
22 62 761
22 63 678
22 64 600
22 65 199
22 66 2589
22 67 950
22 68 2578
22 69 260
22 70 1054
22 71 265
22 72 1013
22 73 160
22 74 1320
22 75 1230
22 76 259
22 77 2062
22 78 2772
22 79 838
22 80 1696
22 81 175
22 82 2768
22 83 379
22 84 1155
22 85 1362
22 86 1805
22 87 2333
22 88 1655
22 89 3142
22 90 2142
22 91 2078
22 92 2193
22 93 1700
22 94 1030
22 95 453
22 96 1226
22 97 2027
22 98 1674
22 99 967
22 100 799
22 101 241
22 102 1146
22 103 869
22 104 1254
22 105 932
22 106 1019
22 107 1701
22 108 2906
22 109 1572
22 110 413
22 111 2944
22 112 1289
22 113 3008
22 114 1535
22 115 2093
22 116 2614
22 117 1215
22 118 1437
22 119 2190
22 120 665
22 121 808
22 122 815
22 123 1010
22 124 1260
22 125 1993
22 126 851
22 127 807
23 0 1366
23 1 776
23 2 1016
23 3 1128
23 4 2999
23 5 2698
23 6 1473
23 7 471
23 8 1404
23 9 1634
23 10 738
23 11 234
23 12 1795
23 13 358
23 14 791
23 15 425
23 16 1574
23 17 715
23 18 935
23 19 302
23 20 2750
23 21 1306
23 22 386
23 23 0
23 24 668
23 25 1488
23 26 2704
23 27 490
23 28 1758
23 29 1227
23 30 1101
23 31 1521
23 32 889
23 33 2943
23 34 357
23 35 967
23 36 711
23 37 1316
23 38 469
23 39 2033
23 40 773
23 41 2400
23 42 2003
23 43 1923
23 44 1161
23 45 823
23 46 828
23 47 238
23 48 374
23 49 686
23 50 1214
23 51 524
23 52 2997
23 53 899
23 54 2334
23 55 1788
23 56 579
23 57 3057
23 58 1479
23 59 2641
23 60 980
23 61 72
23 62 889
23 63 2252
23 64 639
23 65 403
23 66 1535
23 67 1550
23 68 1335
23 69 700
23 70 862
23 71 1003
23 72 607
23 73 1072
23 74 1362
23 75 697
23 76 504
23 77 961
23 78 30
23 79 140
23 80 1636
23 81 841
23 82 821
23 83 2484
23 84 1483
23 85 2630
23 86 471
23 87 2704
23 88 2230
23 89 1965
23 90 3116
23 91 433
23 92 1376
23 93 2135
23 94 1118
23 95 925
23 96 1434
23 97 1537
23 98 1429
23 99 303
23 100 1387
23 101 1985
23 102 1670
23 103 892
23 104 569
23 105 751
23 106 1163
23 107 568
23 108 236
23 109 2493
23 110 1184
23 111 3047
23 112 946
23 113 2969
23 114 958
23 115 374
23 116 2672
23 117 1925
23 118 1412
23 119 1605
23 120 1625
23 121 2365
23 122 2336
23 123 1506
23 124 1053
23 125 429
23 126 1133
23 127 554
24 0 1008
24 1 373
24 2 253
24 3 305
24 4 1178
24 5 2007
24 6 1714
24 7 1538
24 8 700
24 9 537
24 10 833
24 11 795
24 12 905
24 13 857
24 14 1007
24 15 1214
24 16 899
24 17 658
24 18 1000
24 19 212
24 20 1222
24 21 1766
24 22 298
24 23 668
24 24 0
24 25 522
24 26 1260
24 27 2511
24 28 2905
24 29 1132
24 30 615
24 31 1638
24 32 1010
24 33 3150
24 34 1463
24 35 2005
24 36 207
24 37 294
24 38 238
24 39 1232
24 40 778
24 41 869
24 42 1973
24 43 1131
24 44 1560
24 45 1063
24 46 359
24 47 1130
24 48 1250
24 49 504
24 50 1529
24 51 644
24 52 1231
24 53 2752
24 54 2220
24 55 757
24 56 1090
24 57 732
24 58 2959
24 59 1742
24 60 1197
24 61 443
24 62 1375
24 63 1200
24 64 1859
24 65 529
24 66 1257
24 67 532
24 68 1563
24 69 1207
24 70 1337
24 71 822
24 72 1300
24 73 449
24 74 1421
24 75 249
24 76 596
24 77 1206
24 78 2990
24 79 2846
24 80 1620
24 81 1004
24 82 156
24 83 916
24 84 2893
24 85 2237
24 86 1623
24 87 1371
24 88 2601
24 89 2477
24 90 2004
24 91 627
24 92 1936
24 93 1257
24 94 1291
24 95 1013
24 96 991
24 97 1383
24 98 1691
24 99 825
24 100 678
24 101 2686
24 102 486
24 103 2194
24 104 1146
24 105 1025
24 106 193
24 107 1439
24 108 1428
24 109 1339
24 110 103
24 111 2148
24 112 1049
24 113 2659
24 114 984
24 115 2150
24 116 323
24 117 2021
24 118 2476
24 119 1580
24 120 1243
24 121 164
24 122 1163
24 123 324
24 124 1109
24 125 1208
24 126 2917
24 127 786
25 0 1190
25 1 278
25 2 1548
25 3 958
25 4 1198
25 5 1034
25 6 3164
25 7 2880
25 8 1366
25 9 512
25 10 1527
25 11 1757
25 12 750
25 13 285
25 14 2003
25 15 206
25 16 672
25 17 373
25 18 1801
25 19 636
25 20 1117
25 21 98
25 22 2932
25 23 1488
25 24 522
25 25 0
25 26 300
25 27 1067
25 28 132
25 29 1892
25 30 433
25 31 1319
25 32 1494
25 33 2835
25 34 1670
25 35 891
25 36 1818
25 37 210
25 38 1040
25 39 1345
25 40 807
25 41 744
25 42 1404
25 43 1687
25 44 1470
25 45 888
25 46 435
25 47 540
25 48 470
25 49 507
25 50 802
25 51 886
25 52 961
25 53 1108
25 54 270
25 55 1649
25 56 656
25 57 1243
25 58 1241
25 59 993
25 60 508
25 61 908
25 62 1630
25 63 210
25 64 1004
25 65 1469
25 66 1194
25 67 438
25 68 1806
25 69 1807
25 70 786
25 71 1286
25 72 1167
25 73 1359
25 74 915
25 75 988
25 76 496
25 77 356
25 78 3235
25 79 1081
25 80 1373
25 81 126
25 82 94
25 83 1144
25 84 1225
25 85 126
25 86 1359
25 87 2522
25 88 1277
25 89 2870
25 90 2451
25 91 718
25 92 2975
25 93 1878
25 94 2077
25 95 1291
25 96 1037
25 97 1341
25 98 1899
25 99 430
25 100 604
25 101 2006
25 102 1137
25 103 192
25 104 1898
25 105 675
25 106 1930
25 107 1299
25 108 196
25 109 272
25 110 2940
25 111 3108
25 112 196
25 113 2762
25 114 913
25 115 2176
25 116 2813
25 117 640
25 118 2534
25 119 2644
25 120 1236
25 121 1141
25 122 1490
25 123 2798
25 124 1775
25 125 1704
25 126 1796
25 127 2587
26 0 315
26 1 962
26 2 434
26 3 1320
26 4 730
26 5 970
26 6 719
26 7 2936
26 8 2652
26 9 1051
26 10 268
26 11 1285
26 12 1489
26 13 435
26 14 210
26 15 1775
26 16 109
26 17 357
26 18 73
26 19 1573
26 20 321
26 21 889
26 22 408
26 23 2704
26 24 1260
26 25 300
26 26 0
26 27 118
26 28 1454
26 29 2082
26 30 1025
26 31 1351
26 32 808
26 33 1640
26 34 1355
26 35 449
26 36 283
26 37 1578
26 38 1406
26 39 2074
26 40 707
26 41 681
26 42 978
26 43 2258
26 44 1502
26 45 3029
26 46 1177
26 47 780
26 48 603
26 49 862
26 50 1433
26 51 429
26 52 1276
26 53 864
26 54 2617
26 55 2637
26 56 998
26 57 674
26 58 1752
26 59 2099
26 60 1988
26 61 1156
26 62 1612
26 63 484
26 64 243
26 65 471
26 66 2524
26 67 564
26 68 2233
26 69 788
26 70 1447
26 71 703
26 72 1422
26 73 1200
26 74 1689
26 75 327
26 76 809
26 77 489
26 78 2265
26 79 1198
26 80 1654
26 81 2924
26 82 961
26 83 1211
26 84 560
26 85 2972
26 86 1137
26 87 2277
26 88 2419
26 89 1379
26 90 2844
26 91 128
26 92 1651
26 93 2917
26 94 1054
26 95 1873
26 96 1534
26 97 1392
26 98 1837
26 99 615
26 100 737
26 101 1136
26 102 806
26 103 575
26 104 142
26 105 2179
26 106 380
26 107 730
26 108 1192
26 109 1006
26 110 2444
26 111 1478
26 112 1383
26 113 1863
26 114 1007
26 115 2079
26 116 2839
26 117 2024
26 118 463
26 119 2702
26 120 2122
26 121 1359
26 122 1424
26 123 529
26 124 2042
26 125 293
26 126 1285
26 127 1498
27 0 326
27 1 428
27 2 769
27 3 291
27 4 1127
27 5 537
27 6 777
27 7 976
27 8 2760
27 9 2459
27 10 1321
27 11 198
27 12 1165
27 13 1395
27 14 465
27 15 172
27 16 1582
27 17 305
27 18 663
27 19 273
27 20 1380
27 21 563
27 22 696
27 23 490
27 24 2511
27 25 1067
27 26 118
27 27 0
27 28 2351
27 29 887
27 30 2228
27 31 1986
27 32 908
27 33 2936
27 34 278
27 35 766
27 36 746
27 37 267
27 38 1537
27 39 2253
27 40 561
27 41 662
27 42 190
27 43 2032
27 44 1895
27 45 2745
27 46 2580
27 47 1159
27 48 679
27 49 272
27 50 991
27 51 763
27 52 1401
27 53 1179
27 54 2810
27 55 231
27 56 2734
27 57 1151
27 58 792
27 59 1831
27 60 967
27 61 2636
27 62 727
27 63 673
27 64 565
27 65 850
27 66 1716
27 67 1550
27 68 2359
27 69 626
27 70 585
27 71 1364
27 72 788
27 73 1532
27 74 1446
27 75 1275
27 76 858
27 77 647
27 78 2312
27 79 722
27 80 1899
27 81 1247
27 82 3064
27 83 774
27 84 422
27 85 2910
27 86 1976
27 87 366
27 88 2183
27 89 2647
27 90 1353
27 91 410
27 92 2244
27 93 1611
27 94 2009
27 95 1035
27 96 747
27 97 755
27 98 1883
27 99 316
27 100 945
27 101 2065
27 102 828
27 103 527
27 104 841
27 105 516
27 106 3082
27 107 1221
27 108 1813
27 109 659
27 110 2815
27 111 977
27 112 1671
27 113 3039
27 114 629
27 115 2182
27 116 2658
27 117 2050
27 118 2819
27 119 504
27 120 2180
27 121 534
27 122 1366
27 123 1545
27 124 1047
27 125 2996
27 126 2982
27 127 987
28 0 2452
28 1 2645
28 2 2873
28 3 1707
28 4 2691
28 5 1344
28 6 1926
28 7 1718
28 8 2796
28 9 500
28 10 238
28 11 3156
28 12 2383
28 13 1650
28 14 1763
28 15 2480
28 16 2588
28 17 1002
28 18 2690
28 19 2897
28 20 2582
28 21 1387
28 22 2683
28 23 1758
28 24 2905
28 25 132
28 26 1454
28 27 2351
28 28 0
28 29 1338
28 30 727
28 31 2228
28 32 1475
28 33 2011
28 34 1456
28 35 1805
28 36 391
28 37 524
28 38 1459
28 39 888
28 40 972
28 41 624
28 42 269
28 43 1015
28 44 1432
28 45 1220
28 46 2124
28 47 2761
28 48 1153
28 49 512
28 50 844
28 51 797
28 52 1383
28 53 1184
28 54 3038
28 55 363
28 56 871
28 57 2794
28 58 1658
28 59 2240
28 60 1382
28 61 960
28 62 1580
28 63 1395
28 64 786
28 65 1165
28 66 509
28 67 758
28 68 538
28 69 705
28 70 964
28 71 497
28 72 1151
28 73 580
28 74 1972
28 75 1116
28 76 1096
28 77 157
28 78 2322
28 79 1363
28 80 1004
28 81 1347
28 82 254
28 83 2172
28 84 1365
28 85 2795
28 86 1710
28 87 2875
28 88 372
28 89 2254
28 90 2621
28 91 1180
28 92 2615
28 93 2186
28 94 720
28 95 2035
28 96 1380
28 97 2633
28 98 2380
28 99 404
28 100 727
28 101 2273
28 102 905
28 103 1213
28 104 397
28 105 786
28 106 1375
28 107 1629
28 108 1043
28 109 1212
28 110 2920
28 111 1077
28 112 1721
28 113 784
28 114 967
28 115 1267
28 116 2761
28 117 1979
28 118 2830
28 119 2952
28 120 191
28 121 664
28 122 2153
28 123 1763
28 124 1593
28 125 727
28 126 160
28 127 2660
29 0 1958
29 1 1452
29 2 1484
29 3 1799
29 4 921
29 5 1703
29 6 1043
29 7 1096
29 8 1226
29 9 1005
29 10 2026
29 11 2152
29 12 1330
29 13 1287
29 14 471
29 15 204
29 16 1174
29 17 1540
29 18 1507
29 19 1593
29 20 1308
29 21 1427
29 22 1415
29 23 1227
29 24 1132
29 25 1892
29 26 2082
29 27 887
29 28 1338
29 29 0
29 30 461
29 31 1110
29 32 2398
29 33 3158
29 34 531
29 35 476
29 36 1616
29 37 134
29 38 1174
29 39 2336
29 40 1713
29 41 997
29 42 960
29 43 858
29 44 449
29 45 375
29 46 1537
29 47 2462
29 48 1884
29 49 923
29 50 1030
29 51 225
29 52 1772
29 53 1266
29 54 1872
29 55 248
29 56 622
29 57 724
29 58 2706
29 59 1764
29 60 485
29 61 1443
29 62 1149
29 63 2875
29 64 1013
29 65 886
29 66 181
29 67 566
29 68 2019
29 69 1704
29 70 1090
29 71 876
29 72 386
29 73 975
29 74 661
29 75 1448
29 76 1007
29 77 927
29 78 1914
29 79 500
29 80 1018
29 81 831
29 82 351
29 83 1329
29 84 3312
29 85 2901
29 86 1595
29 87 2609
29 88 2772
29 89 80
29 90 2228
29 91 162
29 92 1318
29 93 2557
29 94 1300
29 95 700
29 96 2354
29 97 924
29 98 1029
29 99 755
29 100 793
29 101 1734
29 102 1022
29 103 611
29 104 911
29 105 886
29 106 1404
29 107 555
29 108 3133
29 109 634
29 110 1222
29 111 90
29 112 1546
29 113 1080
29 114 2266
29 115 2159
29 116 1862
29 117 2073
29 118 2520
29 119 2978
29 120 2387
29 121 1869
29 122 2249
29 123 470
29 124 1797
29 125 1734
29 126 2144
29 127 473
30 0 892
30 1 2120
30 2 572
30 3 692
30 4 934
30 5 463
30 6 811
30 7 836
30 8 278
30 9 518
30 10 722
30 11 2347
30 12 2176
30 13 1082
